1384,1278,1
1384,1278,1
1385,1278,1
1385,1278,1
1385,1277,1
1385,1277,1
1385,1277,1
1385,1277,1
1386,1277,1
1386,1276,1
1386,1276,1
1386,1276,1
1386,1276,1
1386,1275,1
1386,1275,1
1387,1275,1
1387,1275,1
1387,1274,1
1387,1274,1
1387,1274,1
1387,1274,1
1387,1273,1
1388,1273,1
1388,1273,1
1388,1273,1
1388,1272,1
1388,1272,1
1388,1272,1
1389,1272,1
1389,1271,1
1389,1271,1
1389,1271,1
1389,1271,1
1389,1270,1
1389,1270,1
1390,1270,1
1390,1270,1
1390,1269,1
1390,1269,1
1390,1269,1
1390,1269,1
1390,1268,1
1391,1268,1
1391,1268,1
1391,1268,1
1391,1268,1
1391,1267,1
1391,1267,1
1391,1267,1
1392,1267,1
1392,1266,1
1392,1266,1
1392,1266,1
1392,1266,1
1392,1265,1
1393,1265,1
1393,1265,1
1393,1265,1
1393,1265,1
1393,1264,1
1393,1264,1
1394,1264,1
1394,1264,1
1394,1264,1
1394,1263,1
1394,1263,1
1394,1263,1
1395,1263,1
1395,1262,1
1395,1262,1
1395,1262,1
1395,1262,1
1395,1262,1
1396,1261,1
1396,1261,1
1396,1261,1
1396,1261,1
1396,1261,1
1396,1260,1
1397,1260,1
1397,1260,1
1397,1260,1
1397,1259,1
1397,1259,1
1397,1259,1
1398,1259,1
1398,1259,1
1398,1258,1
1398,1258,1
1398,1258,1
1398,1258,1
1399,1258,1
1399,1257,1
1399,1257,1
1399,1257,1
1399,1257,1
1399,1256,1
1400,1256,1
1400,1256,1
1400,1256,1
1400,1256,1
1400,1255,1
1401,1255,1
1401,1255,1
1401,1255,1
1401,1255,1
1401,1255,1
1401,1254,1
1402,1254,1
1402,1254,1
1402,1254,1
1402,1254,1
1402,1253,1
1403,1253,1
1403,1253,1
1403,1253,1
1403,1253,1
1403,1253,1
1403,1252,1
1404,1252,1
1404,1252,1
1404,1252,1
1404,1252,1
1404,1251,1
1405,1251,1
1405,1251,1
1405,1251,1
1405,1251,1
1405,1251,1
1406,1250,1
1406,1250,1
1406,1250,1
1406,1250,1
1406,1250,1
1406,1249,1
1407,1249,1
1407,1249,1
1407,1249,1
1407,1249,1
1407,1249,1
1408,1248,1
1408,1248,1
1408,1248,1
1408,1248,1
1408,1248,1
1408,1247,1
1409,1247,1
1409,1247,1
1409,1247,1
1409,1247,1
1409,1247,1
1410,1246,1
1410,1246,1
1410,1246,1
1410,1246,1
1410,1246,1
1411,1246,1
1411,1245,1
1411,1245,1
1411,1245,1
1411,1245,1
1412,1245,1
1412,1245,1
1412,1245,1
1412,1244,1
1412,1244,1
1413,1244,1
1413,1244,1
1413,1244,1
1413,1244,1
1413,1244,1
1414,1243,1
1414,1243,1
1414,1243,1
1414,1243,1
1414,1243,1
1415,1243,1
1415,1243,1
1415,1242,1
1415,1242,1
1415,1242,1
1416,1242,1
1416,1242,1
1416,1242,1
1416,1241,1
1416,1241,1
1417,1241,1
1417,1241,1
1417,1241,1
1417,1241,1
1417,1241,1
1418,1240,1
1418,1240,1
1418,1240,1
1418,1240,1
1418,1240,1
1419,1240,1
1419,1240,1
1419,1239,1
1419,1239,1
1419,1239,1
1420,1239,1
1420,1239,1
1420,1239,1
1420,1239,1
1421,1239,1
1421,1238,1
1421,1238,1
1421,1238,1
1421,1238,1
1422,1238,1
1422,1238,1
1422,1238,1
1422,1238,1
1423,1238,1
1423,1237,1
1423,1237,1
1423,1237,1
1423,1237,1
1424,1237,1
1424,1237,1
1424,1237,1
1424,1237,1
1425,1237,1
1425,1236,1
1425,1236,1
1425,1236,1
1425,1236,1
1426,1236,1
1426,1236,1
1426,1236,1
1426,1236,1
1427,1236,1
1427,1235,1
1427,1235,1
1427,1235,1
1427,1235,1
1428,1235,1
1428,1235,1
1428,1235,1
1428,1235,1
1428,1235,1
1429,1234,1
1429,1234,1
1429,1234,1
1429,1234,1
1430,1234,1
1430,1234,1
1430,1234,1
1430,1234,1
1430,1234,1
1431,1234,1
1431,1233,1
1431,1233,1
1431,1233,1
1432,1233,1
1432,1233,1
1432,1233,1
1432,1233,1
1433,1233,1
1433,1233,1
1433,1233,1
1433,1233,1
1434,1233,1
1434,1233,1
1434,1233,1
1434,1232,1
1434,1232,1
1435,1232,1
1435,1232,1
1435,1232,1
1435,1232,1
1436,1232,1
1436,1232,1
1436,1232,1
1436,1232,1
1437,1232,1
1437,1232,1
1437,1232,1
1437,1231,1
1438,1231,1
1438,1231,1
1438,1231,1
1438,1231,1
1439,1231,1
1439,1231,1
1439,1231,1
1439,1231,1
1439,1231,1
1440,1231,1
1440,1231,1
1440,1231,1
1440,1231,1
1441,1231,1
1441,1230,1
1441,1230,1
1441,1230,1
1442,1230,1
1442,1230,1
1442,1230,1
1442,1230,1
1443,1230,1
1443,1230,1
1443,1230,1
1443,1230,1
1444,1230,1
1444,1230,1
1444,1230,1
1444,1230,1
1445,1230,1
1445,1230,1
1445,1230,1
1445,1230,1
1446,1230,1
1446,1230,1
1446,1230,1
1446,1230,1
1447,1229,1
1447,1229,1
1447,1229,1
1447,1229,1
1448,1229,1
1448,1229,1
1448,1229,1
1448,1229,1
1449,1229,1
1449,1229,1
1449,1229,1
1449,1229,1
1450,1229,1
1450,1229,1
1450,1229,1
1450,1229,1
1451,1229,1
1451,1229,1
1451,1229,1
1451,1229,1
1452,1229,1
1452,1229,1
1452,1229,1
1452,1229,1
1453,1229,1
1453,1229,1
1453,1229,1
1453,1229,1
1454,1229,1
1454,1229,1
1454,1229,1
1454,1229,1
1455,1229,1
1455,1229,1
1455,1229,1
1456,1229,1
1456,1229,1
1456,1229,1
1456,1229,1
1457,1229,1
1457,1229,1
1457,1229,1
1457,1229,1
1458,1229,1
1458,1229,1
1458,1229,1
1459,1229,1
1459,1229,1
1459,1229,1
1459,1229,1
1460,1229,1
1460,1229,1
1460,1229,1
1460,1229,1
1461,1229,1
1461,1229,1
1461,1229,1
1461,1229,1
1462,1229,1
1462,1229,1
1462,1229,1
1463,1229,1
1463,1229,1
1463,1229,1
1463,1229,1
1464,1229,1
1464,1229,1
1464,1229,1
1464,1229,1
1465,1229,1
1465,1229,1
1465,1229,1
1466,1229,1
1466,1229,1
1466,1229,1
1466,1229,1
1467,1229,1
1467,1229,1
1467,1229,1
1467,1229,1
1468,1229,1
1468,1229,1
1468,1229,1
1469,1229,1
1469,1229,1
1469,1229,1
1469,1229,1
1470,1229,1
1470,1229,1
1470,1229,1
1471,1229,1
1471,1230,1
1471,1230,1
1471,1230,1
1472,1230,1
1472,1230,1
1472,1230,1
1473,1230,1
1473,1230,1
1473,1230,1
1473,1230,1
1474,1230,1
1474,1230,1
1474,1230,1
1475,1230,1
1475,1230,1
1475,1230,1
1475,1230,1
1476,1230,1
1476,1230,1
1476,1231,1
1477,1231,1
1477,1231,1
1477,1231,1
1477,1231,1
1478,1231,1
1478,1231,1
1478,1231,1
1479,1231,1
1479,1231,1
1479,1231,1
1479,1231,1
1480,1231,1
1480,1231,1
1480,1231,1
1481,1231,1
1481,1231,1
1481,1232,1
1481,1232,1
1482,1232,1
1482,1232,1
1482,1232,1
1483,1232,1
1483,1232,1
1483,1232,1
1483,1232,1
1484,1232,1
1484,1232,1
1484,1232,1
1485,1232,1
1485,1233,1
1485,1233,1
1486,1233,1
1486,1233,1
1486,1233,1
1487,1233,1
1487,1233,1
1487,1233,1
1487,1233,1
1488,1233,1
1488,1234,1
1488,1234,1
1489,1234,1
1489,1234,1
1489,1234,1
1490,1234,1
1490,1234,1
1490,1234,1
1490,1234,1
1491,1234,1
1491,1235,1
1491,1235,1
1492,1235,1
1492,1235,1
1492,1235,1
1493,1235,1
1493,1235,1
1493,1235,1
1493,1235,1
1494,1235,1
1494,1236,1
1494,1236,1
1495,1236,1
1495,1236,1
1495,1236,1
1496,1236,1
1496,1236,1
1496,1236,1
1497,1236,1
1497,1236,1
1497,1237,1
1497,1237,1
1498,1237,1
1498,1237,1
1498,1237,1
1499,1237,1
1499,1237,1
1499,1237,1
1500,1238,1
1500,1238,1
1500,1238,1
1501,1238,1
1501,1238,1
1501,1238,1
1502,1238,1
1502,1239,1
1502,1239,1
1502,1239,1
1503,1239,1
1503,1239,1
1503,1239,1
1504,1239,1
1504,1239,1
1504,1240,1
1505,1240,1
1505,1240,1
1505,1240,1
1506,1240,1
1506,1240,1
1506,1240,1
1507,1241,1
1507,1241,1
1507,1241,1
1508,1241,1
1508,1241,1
1508,1241,1
1508,1241,1
1509,1242,1
1509,1242,1
1509,1242,1
1510,1242,1
1510,1242,1
1510,1242,1
1511,1242,1
1511,1243,1
1511,1243,1
1512,1243,1
1512,1243,1
1512,1243,1
1513,1243,1
1513,1244,1
1513,1244,1
1514,1244,1
1514,1244,1
1514,1244,1
1515,1244,1
1515,1245,1
1515,1245,1
1516,1245,1
1516,1245,1
1516,1245,1
1517,1245,1
1517,1246,1
1517,1246,1
1518,1246,1
1518,1246,1
1518,1246,1
1519,1247,1
1519,1247,1
1519,1247,1
1520,1247,1
1520,1247,1
1520,1247,1
1521,1248,1
1521,1248,1
1521,1248,1
1522,1248,1
1522,1248,1
1522,1249,1
1522,1249,1
1523,1249,1
1523,1249,1
1523,1249,1
1524,1249,1
1524,1250,1
1524,1250,1
1525,1250,1
1525,1250,1
1525,1250,1
1526,1251,1
1526,1251,1
1526,1251,1
1527,1251,1
1527,1251,1
1527,1251,1
1528,1252,1
1528,1252,1
1528,1252,1
1529,1252,1
1529,1252,1
1529,1253,1
1530,1253,1
1530,1253,1
1530,1253,1
1531,1253,1
1531,1254,1
1531,1254,1
1532,1254,1
1532,1254,1
1533,1255,1
1533,1255,1
1533,1255,1
1534,1255,1
1534,1255,1
1534,1256,1
1535,1256,1
1535,1256,1
1535,1256,1
1536,1256,1
1536,1257,1
1536,1257,1
1537,1257,1
1537,1257,1
1537,1258,1
1538,1258,1
1538,1258,1
1538,1258,1
1539,1258,1
1539,1259,1
1539,1259,1
1540,1259,1
1540,1259,1
1540,1260,1
1541,1260,1
1541,1260,1
1541,1260,1
1542,1260,1
1542,1261,1
1542,1261,1
1543,1261,1
1543,1261,1
1543,1262,1
1544,1262,1
1544,1262,1
1544,1262,1
1545,1263,1
1545,1263,1
1546,1263,1
1546,1263,1
1546,1263,1
1547,1264,1
1547,1264,1
1547,1264,1
1548,1264,1
1548,1265,1
1548,1265,1
1549,1265,1
1549,1265,1
1549,1266,1
1550,1266,1
1550,1266,1
1550,1266,1
1551,1267,1
1551,1267,1
1551,1267,1
1552,1267,1
1552,1268,1
1552,1268,1
1553,1268,1
1553,1268,1
1554,1269,1
1554,1269,1
1554,1269,1
1555,1269,1
1555,1270,1
1555,1270,1
1556,1270,1
1556,1271,1
1556,1271,1
1557,1271,1
1557,1271,1
1557,1272,1
1558,1272,1
1558,1272,1
1558,1272,1
1559,1273,1
1559,1273,1
1560,1273,1
1560,1273,1
1560,1274,1
1561,1274,1
1561,1274,1
1561,1274,1
1562,1275,1
1562,1275,1
1562,1275,1
1563,1275,1
1563,1276,1
1563,1276,1
1564,1276,1
1564,1277,1
1564,1277,1
1565,1277,1
1565,1277,1
1566,1278,1
1566,1278,1
1566,1278,1
1567,1279,1
1567,1279,1
1567,1279,1
1568,1279,1
1568,1280,1
1568,1280,1
1569,1280,1
1569,1281,1
1569,1281,1
1570,1281,1
1570,1281,1
1571,1282,1
1571,1282,1
1571,1282,1
1572,1283,1
1572,1283,1
1572,1283,1
1573,1283,1
1573,1284,1
1573,1284,1
1574,1284,1
1574,1285,1
1574,1285,1
1575,1285,1
1575,1285,1
1576,1286,1
1576,1286,1
1576,1286,1
1577,1287,1
1577,1287,1
1577,1287,1
1578,1288,1
1578,1288,1
1578,1288,1
1579,1288,1
1579,1289,1
1579,1289,1
1580,1289,1
1580,1290,1
1581,1290,1
1581,1290,1
1581,1290,1
1582,1291,1
1582,1291,1
1582,1291,1
1583,1292,1
1583,1292,1
1583,1292,1
1584,1293,1
1584,1293,1
1584,1293,1
1585,1294,1
1585,1294,1
1586,1294,1
1586,1294,1
1586,1295,1
1587,1295,1
1587,1295,1
1587,1296,1
1588,1296,1
1588,1296,1
1588,1297,1
1589,1297,1
1589,1297,1
1590,1298,1
1590,1298,1
1590,1298,1
1591,1299,1
1591,1299,1
1591,1299,1
1592,1300,1
1592,1300,1
1592,1300,1
1593,1301,1
1593,1301,1
1593,1301,1
1594,1302,1
1594,1302,1
1595,1302,1
1595,1302,1
1595,1303,1
1596,1303,1
1596,1303,1
1596,1304,1
1597,1304,1
1597,1304,1
1597,1305,1
1598,1305,1
1598,1305,1
1599,1306,1
1599,1306,1
1599,1306,1
1600,1307,1
1600,1307,1
1600,1307,1
1601,1308,1
1601,1308,1
1601,1308,1
1602,1309,1
1602,1309,1
1603,1309,1
1603,1310,1
1603,1310,1
1604,1310,1
1604,1311,1
1604,1311,1
1605,1311,1
1605,1312,1
1605,1312,1
1606,1312,1
1606,1313,1
1606,1313,1
1607,1313,1
1607,1314,1
1608,1314,1
1608,1314,1
1608,1315,1
1609,1315,1
1609,1315,1
1609,1316,1
1610,1316,1
1610,1316,1
1610,1317,1
1611,1317,1
1611,1318,1
1612,1318,1
1612,1318,1
1612,1319,1
1613,1319,1
1613,1319,1
1613,1320,1
1614,1320,1
1614,1320,1
1614,1321,1
1615,1321,1
1615,1321,1
1615,1322,1
1616,1322,1
1616,1322,1
1617,1323,1
1617,1323,1
1617,1323,1
1618,1324,1
1618,1324,1
1618,1324,1
1619,1325,1
1619,1325,1
1619,1325,1
1620,1326,1
1620,1326,1
1620,1327,1
1621,1327,1
1621,1327,1
1622,1328,1
1622,1328,1
1622,1328,1
1623,1329,1
1623,1329,1
1623,1329,1
1624,1330,1
1624,1330,1
1624,1330,1
1625,1331,1
1625,1331,1
1625,1332,1
1626,1332,1
1626,1332,1
1627,1333,1
1627,1333,1
1627,1333,1
1628,1334,1
1628,1334,1
1628,1334,1
1629,1335,1
1629,1335,1
1629,1336,1
1630,1336,1
1630,1336,1
1630,1337,1
1631,1337,1
1631,1337,1
1631,1338,1
1632,1338,1
1632,1338,1
1633,1339,1
1633,1339,1
1633,1339,1
1634,1340,1
1634,1340,1
1634,1341,1
1635,1341,1
1635,1341,1
1635,1342,1
1636,1342,1
1636,1342,1
1636,1343,1
1637,1343,1
1637,1343,1
1637,1344,1
1638,1344,1
1638,1345,1
1639,1345,1
1639,1345,1
1639,1346,1
1640,1346,1
1640,1346,1
1640,1347,1
1641,1347,1
1641,1348,1
1641,1348,1
1642,1348,1
1642,1349,1
1642,1349,1
1643,1349,1
1643,1350,1
1643,1350,1
1644,1351,1
1644,1351,1
1644,1351,1
1645,1352,1
1645,1352,1
1645,1352,1
1646,1353,1
1646,1353,1
1646,1354,1
1647,1354,1
1647,1354,1
1647,1355,1
1648,1355,1
1648,1355,1
1648,1356,1
1649,1356,1
1649,1357,1
1650,1357,1
1650,1357,1
1650,1358,1
1651,1358,1
1651,1358,1
1651,1359,1
1652,1359,1
1652,1360,1
1652,1360,1
1653,1360,1
1653,1361,1
1653,1361,1
1654,1361,1
1654,1362,1
1654,1362,1
1655,1363,1
1655,1363,1
1655,1363,1
1656,1364,1
1656,1364,1
1656,1364,1
1657,1365,1
1657,1365,1
1657,1366,1
1658,1366,1
1658,1366,1
1658,1367,1
1659,1367,1
1659,1367,1
1659,1368,1
1660,1368,1
1660,1369,1
1660,1369,1
1661,1369,1
1661,1370,1
1661,1370,1
1662,1370,1
1662,1371,1
1662,1371,1
1663,1372,1
1663,1372,1
1663,1372,1
1664,1373,1
1664,1373,1
1664,1374,1
1665,1374,1
1665,1374,1
1665,1375,1
1666,1375,1
1666,1375,1
1666,1376,1
1666,1376,1
1667,1377,1
1667,1377,1
1667,1377,1
1668,1378,1
1668,1378,1
1668,1378,1
1669,1379,1
1669,1379,1
1669,1380,1
1670,1380,1
1670,1380,1
1670,1381,1
1671,1381,1
1671,1382,1
1671,1382,1
1672,1382,1
1672,1383,1
1672,1383,1
1673,1383,1
1673,1384,1
1673,1384,1
1674,1385,1
1674,1385,1
1674,1385,1
1674,1386,1
1675,1386,1
1675,1386,1
1675,1387,1
1676,1387,1
1676,1388,1
1676,1388,1
1677,1388,1
1677,1389,1
1677,1389,1
1678,1390,1
1678,1390,1
1678,1390,1
1678,1391,1
1679,1391,1
1679,1391,1
1679,1392,1
1680,1392,1
1680,1393,1
1680,1393,1
1681,1393,1
1681,1394,1
1681,1394,1
1682,1395,1
1682,1395,1
1682,1395,1
1682,1396,1
1683,1396,1
1683,1396,1
1683,1397,1
1684,1397,1
1684,1398,1
1684,1398,1
1685,1398,1
1685,1399,1
1685,1399,1
1686,1399,1
1686,1400,1
1686,1400,1
1686,1401,1
1687,1401,1
1687,1401,1
1687,1402,1
1688,1402,1
1688,1403,1
1688,1403,1
1688,1403,1
1689,1404,1
1689,1404,1
1689,1404,1
1690,1405,1
1690,1405,1
1690,1406,1
1690,1406,1
1691,1406,1
1691,1407,1
1691,1407,1
1692,1407,1
1692,1408,1
1692,1408,1
1692,1409,1
1693,1409,1
1693,1409,1
1693,1410,1
1694,1410,1
1694,1411,1
1694,1411,1
1694,1411,1
1695,1412,1
1695,1412,1
1695,1412,1
1696,1413,1
1696,1413,1
1696,1414,1
1696,1414,1
1697,1414,1
1697,1415,1
1697,1415,1
1697,1415,1
1698,1416,1
1698,1416,1
1698,1417,1
1699,1417,1
1699,1417,1
1699,1418,1
1699,1418,1
1700,1418,1
1700,1419,1
1700,1419,1
1701,1420,1
1701,1420,1
1701,1420,1
1701,1421,1
1702,1421,1
1702,1422,1
1702,1422,1
1702,1422,1
1703,1423,1
1703,1423,1
1703,1423,1
1703,1424,1
1704,1424,1
1704,1425,1
1704,1425,1
1704,1425,1
1705,1426,1
1705,1426,1
1705,1426,1
1705,1427,1
1706,1427,1
1706,1428,1
1706,1428,1
1706,1428,1
1707,1429,1
1707,1429,1
1707,1429,1
1707,1430,1
1708,1430,1
1708,1431,1
1708,1431,1
1708,1431,1
1709,1432,1
1709,1432,1
1709,1432,1
1709,1433,1
1710,1433,1
1710,1434,1
1710,1434,1
1710,1434,1
1711,1435,1
1711,1435,1
1711,1435,1
1711,1436,1
1712,1436,1
1712,1436,1
1712,1437,1
1712,1437,1
1713,1438,1
1713,1438,1
1713,1438,1
1713,1439,1
1714,1439,1
1714,1439,1
1714,1440,1
1714,1440,1
1714,1441,1
1715,1441,1
1715,1441,1
1715,1442,1
1715,1442,1
1716,1442,1
1716,1443,1
1716,1443,1
1716,1443,1
1716,1444,1
1717,1444,1
1717,1445,1
1717,1445,1
1717,1445,1
1718,1446,1
1718,1446,1
1718,1446,1
1718,1447,1
1718,1447,1
1719,1448,1
1719,1448,1
1719,1448,1
1719,1449,1
1720,1449,1
1720,1449,1
1720,1450,1
1720,1450,1
1720,1450,1
1721,1451,1
1721,1451,1
1721,1452,1
1721,1452,1
1722,1452,1
1722,1453,1
1722,1453,1
1722,1453,1
1722,1454,1
1723,1454,1
1723,1454,1
1723,1455,1
1723,1455,1
1723,1456,1
1724,1456,1
1724,1456,1
1724,1457,1
1724,1457,1
1724,1457,1
1725,1458,1
1725,1458,1
1725,1458,1
1725,1459,1
1725,1459,1
1726,1459,1
1726,1460,1
1726,1460,1
1726,1461,1
1726,1461,1
1727,1461,1
1727,1462,1
1727,1462,1
1727,1462,1
1727,1463,1
1727,1463,1
1728,1463,1
1728,1464,1
1728,1464,1
1728,1464,1
1728,1465,1
1729,1465,1
1729,1465,1
1729,1466,1
1729,1466,1
1729,1467,1
1729,1467,1
1730,1467,1
1730,1468,1
1730,1468,1
1730,1468,1
1730,1469,1
1731,1469,1
1731,1469,1
1731,1470,1
1731,1470,1
1731,1470,1
1731,1471,1
1732,1471,1
1732,1472,1
1732,1472,1
1732,1472,1
1732,1473,1
1733,1473,1
1733,1473,1
1733,1474,1
1733,1474,1
1733,1474,1
1733,1475,1
1733,1475,1
1734,1475,1
1734,1476,1
1734,1476,1
1734,1476,1
1734,1477,1
1734,1477,1
1735,1477,1
1735,1478,1
1735,1478,1
1735,1478,1
1735,1479,1
1735,1479,1
1735,1479,1
1736,1480,1
1736,1480,1
1736,1480,1
1736,1481,1
1736,1481,1
1736,1481,1
1736,1482,1
1737,1482,1
1737,1483,1
1737,1483,1
1737,1483,1
1737,1484,1
1737,1484,1
1737,1484,1
1738,1485,1
1738,1485,1
1738,1485,1
1738,1486,1
1738,1486,1
1738,1486,1
1738,1487,1
1739,1487,1
1739,1487,1
1739,1488,1
1739,1488,1
1739,1488,1
1739,1489,1
1739,1489,1
1740,1489,1
1740,1490,1
1740,1490,1
1740,1490,1
1740,1491,1
1740,1491,1
1740,1491,1
1740,1492,1
1741,1492,1
1741,1492,1
1741,1493,1
1741,1493,1
1741,1493,1
1741,1494,1
1741,1494,1
1741,1494,1
1741,1495,1
1742,1495,1
1742,1495,1
1742,1496,1
1742,1496,1
1742,1496,1
1742,1497,1
1742,1497,1
1742,1497,1
1742,1498,1
1742,1498,1
1743,1498,1
1743,1499,1
1743,1499,1
1743,1499,1
1743,1499,1
1743,1500,1
1743,1500,1
1743,1500,1
1743,1501,1
1744,1501,1
1744,1501,1
1744,1502,1
1744,1502,1
1744,1502,1
1744,1503,1
1744,1503,1
1744,1503,1
1744,1504,1
1744,1504,1
1745,1504,1
1745,1505,1
1745,1505,1
1745,1505,1
1745,1506,1
1745,1506,1
1745,1506,1
1745,1507,1
1745,1507,1
1745,1507,1
1745,1508,1
1746,1508,1
1746,1508,1
1746,1509,1
1746,1509,1
1746,1509,1
1746,1509,1
1746,1510,1
1746,1510,1
1746,1510,1
1746,1511,1
1746,1511,1
1746,1511,1
1746,1512,1
1746,1512,1
1746,1512,1
1747,1513,1
1747,1513,1
1747,1513,1
1747,1513,1
1747,1514,1
1747,1514,1
1747,1514,1
1747,1515,1
1747,1515,1
1747,1515,1
1747,1516,1
1747,1516,1
1747,1516,1
1747,1517,1
1747,1517,1
1747,1517,1
1748,1518,1
1748,1518,1
1748,1518,1
1748,1518,1
1748,1519,1
1748,1519,1
1748,1519,1
1748,1520,1
1748,1520,1
1748,1520,1
1748,1521,1
1748,1521,1
1748,1521,1
1748,1522,1
1748,1522,1
1748,1522,1
1748,1522,1
1749,1523,1
1749,1523,1
1749,1523,1
1749,1524,1
1749,1524,1
1749,1524,1
1749,1524,1
1749,1525,1
1749,1525,1
1749,1525,1
1749,1526,1
1749,1526,1
1749,1526,1
1749,1527,1
1749,1527,1
1749,1527,1
1749,1527,1
1749,1528,1
1749,1528,1
1749,1528,1
1749,1529,1
1749,1529,1
1749,1529,1
1749,1529,1
1749,1530,1
1749,1530,1
1749,1530,1
1749,1531,1
1749,1531,1
1749,1531,1
1749,1532,1
1749,1532,1
1749,1532,1
1749,1532,1
1749,1533,1
1749,1533,1
1749,1533,1
1749,1534,1
1749,1534,1
1749,1534,1
1749,1534,1
1749,1535,1
1749,1535,1
1750,1535,1
1750,1536,1
1750,1536,1
1750,1536,1
1750,1537,1
1750,1537,1
1750,1537,1
1750,1537,1
1750,1538,1
1750,1538,1
1750,1538,1
1750,1538,1
1749,1539,1
1749,1539,1
1749,1539,1
1749,1540,1
1749,1540,1
1749,1540,1
1749,1540,1
1749,1541,1
1749,1541,1
1749,1541,1
1749,1541,1
1749,1542,1
1749,1542,1
1749,1542,1
1749,1543,1
1749,1543,1
1749,1543,1
1749,1543,1
1749,1544,1
1749,1544,1
1749,1544,1
1749,1545,1
1749,1545,1
1749,1545,1
1749,1545,1
1749,1546,1
1749,1546,1
1749,1546,1
1749,1546,1
1749,1547,1
1749,1547,1
1749,1547,1
1749,1548,1
1749,1548,1
1749,1548,1
1749,1548,1
1749,1549,1
1749,1549,1
1749,1549,1
1749,1549,1
1749,1550,1
1749,1550,1
1749,1550,1
1749,1551,1
1749,1551,1
1749,1551,1
1749,1551,1
1749,1552,1
1748,1552,1
1748,1552,1
1748,1552,1
1748,1553,1
1748,1553,1
1748,1553,1
1748,1553,1
1748,1554,1
1748,1554,1
1748,1554,1
1748,1554,1
1748,1555,1
1748,1555,1
1748,1555,1
1748,1555,1
1748,1556,1
1748,1556,1
1748,1556,1
1747,1556,1
1747,1557,1
1747,1557,1
1747,1557,1
1747,1558,1
1747,1558,1
1747,1558,1
1747,1558,1
1747,1559,1
1747,1559,1
1747,1559,1
1747,1559,1
1747,1560,1
1747,1560,1
1747,1560,1
1747,1560,1
1747,1561,1
1746,1561,1
1746,1561,1
1746,1561,1
1746,1562,1
1746,1562,1
1746,1562,1
1746,1562,1
1746,1563,1
1746,1563,1
1746,1563,1
1746,1563,1
1746,1564,1
1746,1564,1
1746,1564,1
1746,1564,1
1745,1565,1
1745,1565,1
1745,1565,1
1745,1565,1
1745,1566,1
1745,1566,1
1745,1566,1
1745,1566,1
1745,1567,1
1745,1567,1
1745,1567,1
1744,1567,1
1744,1567,1
1744,1568,1
1744,1568,1
1744,1568,1
1744,1568,1
1744,1569,1
1744,1569,1
1744,1569,1
1744,1569,1
1743,1570,1
1743,1570,1
1743,1570,1
1743,1570,1
1743,1571,1
1743,1571,1
1743,1571,1
1743,1571,1
1743,1572,1
1743,1572,1
1743,1572,1
1742,1572,1
1742,1573,1
1742,1573,1
1742,1573,1
1742,1573,1
1742,1573,1
1742,1574,1
1742,1574,1
1742,1574,1
1742,1574,1
1741,1575,1
1741,1575,1
1741,1575,1
1741,1575,1
1741,1576,1
1741,1576,1
1741,1576,1
1741,1576,1
1741,1577,1
1740,1577,1
1740,1577,1
1740,1577,1
1740,1577,1
1740,1578,1
1740,1578,1
1740,1578,1
1740,1578,1
1739,1578,1
1739,1579,1
1739,1579,1
1739,1579,1
1739,1579,1
1739,1580,1
1739,1580,1
1738,1580,1
1738,1580,1
1738,1580,1
1738,1581,1
1738,1581,1
1738,1581,1
1738,1581,1
1738,1582,1
1737,1582,1
1737,1582,1
1737,1582,1
1737,1582,1
1737,1583,1
1737,1583,1
1737,1583,1
1737,1583,1
1736,1584,1
1736,1584,1
1736,1584,1
1736,1584,1
1736,1584,1
1736,1585,1
1736,1585,1
1735,1585,1
1735,1585,1
1735,1586,1
1735,1586,1
1735,1586,1
1735,1586,1
1735,1586,1
1735,1587,1
1734,1587,1
1734,1587,1
1734,1587,1
1734,1587,1
1734,1588,1
1734,1588,1
1733,1588,1
1733,1588,1
1733,1588,1
1733,1589,1
1733,1589,1
1733,1589,1
1732,1589,1
1732,1589,1
1732,1590,1
1732,1590,1
1732,1590,1
1732,1590,1
1731,1590,1
1731,1591,1
1731,1591,1
1731,1591,1
1731,1591,1
1731,1591,1
1730,1592,1
1730,1592,1
1730,1592,1
1730,1592,1
1730,1592,1
1730,1593,1
1730,1593,1
1729,1593,1
1729,1593,1
1729,1594,1
1729,1594,1
1729,1594,1
1729,1594,1
1728,1594,1
1728,1595,1
1728,1595,1
1728,1595,1
1728,1595,1
1728,1595,1
1727,1596,1
1727,1596,1
1727,1596,1
1727,1596,1
1727,1596,1
1727,1597,1
1726,1597,1
1726,1597,1
1726,1597,1
1726,1597,1
1726,1597,1
1725,1598,1
1725,1598,1
1725,1598,1
1725,1598,1
1725,1598,1
1724,1599,1
1724,1599,1
1724,1599,1
1724,1599,1
1724,1599,1
1723,1599,1
1723,1600,1
1723,1600,1
1723,1600,1
1723,1600,1
1723,1600,1
1722,1601,1
1722,1601,1
1722,1601,1
1722,1601,1
1722,1601,1
1721,1602,1
1721,1602,1
1721,1602,1
1721,1602,1
1721,1602,1
1720,1602,1
1720,1603,1
1720,1603,1
1720,1603,1
1720,1603,1
1719,1603,1
1719,1604,1
1719,1604,1
1719,1604,1
1719,1604,1
1718,1604,1
1718,1604,1
1718,1605,1
1718,1605,1
1718,1605,1
1717,1605,1
1717,1605,1
1717,1606,1
1717,1606,1
1717,1606,1
1716,1606,1
1716,1606,1
1716,1606,1
1716,1607,1
1716,1607,1
1715,1607,1
1715,1607,1
1715,1607,1
1715,1607,1
1714,1608,1
1714,1608,1
1714,1608,1
1714,1608,1
1714,1608,1
1713,1608,1
1713,1609,1
1713,1609,1
1713,1609,1
1713,1609,1
1712,1609,1
1712,1609,1
1712,1610,1
1712,1610,1
1711,1610,1
1711,1610,1
1711,1610,1
1711,1610,1
1711,1611,1
1710,1611,1
1710,1611,1
1710,1611,1
1710,1611,1
1709,1611,1
1709,1612,1
1709,1612,1
1709,1612,1
1709,1612,1
1708,1612,1
1708,1612,1
1708,1613,1
1708,1613,1
1707,1613,1
1707,1613,1
1707,1613,1
1707,1613,1
1707,1614,1
1706,1614,1
1706,1614,1
1706,1614,1
1706,1614,1
1705,1614,1
1705,1615,1
1705,1615,1
1705,1615,1
1704,1615,1
1704,1615,1
1704,1615,1
1704,1615,1
1703,1616,1
1703,1616,1
1703,1616,1
1703,1616,1
1702,1616,1
1702,1616,1
1702,1616,1
1702,1617,1
1701,1617,1
1701,1617,1
1701,1617,1
1701,1617,1
1700,1617,1
1700,1617,1
1700,1618,1
1700,1618,1
1699,1618,1
1699,1618,1
1699,1618,1
1699,1618,1
1698,1618,1
1698,1619,1
1698,1619,1
1698,1619,1
1698,1619,1
1697,1619,1
1697,1619,1
1697,1619,1
1697,1620,1
1696,1620,1
1696,1620,1
1696,1620,1
1696,1620,1
1695,1620,1
1695,1621,1
1695,1621,1
1695,1621,1
1694,1621,1
1694,1621,1
1694,1621,1
1694,1621,1
1693,1622,1
1693,1622,1
1693,1622,1
1692,1622,1
1692,1622,1
1692,1622,1
1692,1622,1
1691,1622,1
1691,1623,1
1691,1623,1
1691,1623,1
1690,1623,1
1690,1623,1
1690,1623,1
1690,1623,1
1689,1623,1
1689,1624,1
1689,1624,1
1688,1624,1
1688,1624,1
1688,1624,1
1688,1624,1
1687,1624,1
1687,1624,1
1687,1625,1
1687,1625,1
1686,1625,1
1686,1625,1
1686,1625,1
1686,1625,1
1685,1625,1
1685,1625,1
1685,1626,1
1684,1626,1
1684,1626,1
1684,1626,1
1684,1626,1
1683,1626,1
1683,1626,1
1683,1626,1
1683,1627,1
1682,1627,1
1682,1627,1
1682,1627,1
1681,1627,1
1681,1627,1
1681,1627,1
1681,1628,1
1680,1628,1
1680,1628,1
1680,1628,1
1680,1628,1
1679,1628,1
1679,1628,1
1679,1628,1
1678,1628,1
1678,1629,1
1678,1629,1
1678,1629,1
1677,1629,1
1677,1629,1
1677,1629,1
1676,1629,1
1676,1629,1
1676,1629,1
1676,1629,1
1675,1630,1
1675,1630,1
1675,1630,1
1674,1630,1
1674,1630,1
1674,1630,1
1674,1630,1
1673,1630,1
1673,1630,1
1673,1631,1
1672,1631,1
1672,1631,1
1672,1631,1
1672,1631,1
1671,1631,1
1671,1631,1
1671,1631,1
1670,1631,1
1670,1632,1
1670,1632,1
1669,1632,1
1669,1632,1
1669,1632,1
1669,1632,1
1668,1632,1
1668,1632,1
1668,1632,1
1667,1633,1
1667,1633,1
1667,1633,1
1667,1633,1
1666,1633,1
1666,1633,1
1666,1633,1
1665,1633,1
1665,1633,1
1665,1633,1
1665,1634,1
1664,1634,1
1664,1634,1
1664,1634,1
1663,1634,1
1663,1634,1
1663,1634,1
1662,1634,1
1662,1634,1
1662,1634,1
1661,1634,1
1661,1634,1
1661,1635,1
1661,1635,1
1660,1635,1
1660,1635,1
1660,1635,1
1659,1635,1
1659,1635,1
1659,1635,1
1658,1635,1
1658,1635,1
1658,1635,1
1658,1636,1
1657,1636,1
1657,1636,1
1657,1636,1
1656,1636,1
1656,1636,1
1656,1636,1
1655,1636,1
1655,1636,1
1655,1636,1
1654,1636,1
1654,1637,1
1654,1637,1
1654,1637,1
1653,1637,1
1653,1637,1
1653,1637,1
1652,1637,1
1652,1637,1
1652,1637,1
1651,1637,1
1651,1637,1
1651,1638,1
1651,1638,1
1650,1638,1
1650,1638,1
1650,1638,1
1649,1638,1
1649,1638,1
1649,1638,1
1648,1638,1
1648,1638,1
1648,1638,1
1647,1638,1
1647,1638,1
1647,1638,1
1646,1638,1
1646,1639,1
1646,1639,1
1645,1639,1
1645,1639,1
1645,1639,1
1644,1639,1
1644,1639,1
1644,1639,1
1644,1639,1
1643,1639,1
1643,1639,1
1643,1639,1
1642,1639,1
1642,1639,1
1642,1639,1
1641,1640,1
1641,1640,1
1641,1640,1
1640,1640,1
1640,1640,1
1640,1640,1
1639,1640,1
1639,1640,1
1639,1640,1
1638,1640,1
1638,1640,1
1638,1640,1
1637,1640,1
1637,1640,1
1637,1641,1
1636,1641,1
1636,1641,1
1636,1641,1
1636,1641,1
1635,1641,1
1635,1641,1
1635,1641,1
1634,1641,1
1634,1641,1
1634,1641,1
1633,1641,1
1633,1641,1
1633,1641,1
1632,1641,1
1632,1641,1
1632,1641,1
1631,1641,1
1631,1642,1
1631,1642,1
1630,1642,1
1630,1642,1
1630,1642,1
1629,1642,1
1629,1642,1
1629,1642,1
1628,1642,1
1628,1642,1
1628,1642,1
1627,1642,1
1627,1642,1
1627,1642,1
1626,1642,1
1626,1642,1
1626,1642,1
1625,1642,1
1625,1642,1
1625,1642,1
1624,1642,1
1624,1643,1
1624,1643,1
1623,1643,1
1623,1643,1
1623,1643,1
1622,1643,1
1622,1643,1
1622,1643,1
1621,1643,1
1621,1643,1
1621,1643,1
1620,1643,1
1620,1643,1
1620,1643,1
1619,1643,1
1619,1643,1
1619,1643,1
1618,1643,1
1618,1643,1
1618,1643,1
1617,1643,1
1617,1643,1
1617,1644,1
1616,1644,1
1616,1644,1
1616,1644,1
1615,1644,1
1615,1644,1
1615,1644,1
1614,1644,1
1614,1644,1
1614,1644,1
1613,1644,1
1613,1644,1
1613,1644,1
1612,1644,1
1612,1644,1
1612,1644,1
1611,1644,1
1611,1644,1
1611,1644,1
1610,1644,1
1610,1644,1
1610,1644,1
1609,1644,1
1609,1644,1
1609,1644,1
1608,1644,1
1608,1644,1
1608,1644,1
1607,1644,1
1607,1644,1
1607,1644,1
1606,1644,1
1606,1644,1
1606,1644,1
1605,1644,1
1605,1644,1
1605,1644,1
1604,1644,1
1604,1644,1
1604,1644,1
1603,1645,1
1603,1645,1
1603,1645,1
1602,1645,1
1602,1645,1
1602,1645,1
1601,1645,1
1601,1645,1
1600,1645,1
1600,1645,1
1600,1645,1
1599,1645,1
1599,1645,1
1599,1645,1
1598,1645,1
1598,1645,1
1598,1645,1
1597,1645,1
1597,1645,1
1597,1645,1
1596,1645,1
1596,1645,1
1596,1645,1
1595,1645,1
1595,1645,1
1595,1645,1
1594,1645,1
1594,1645,1
1594,1645,1
1593,1645,1
1593,1645,1
1593,1645,1
1592,1645,1
1592,1645,1
1592,1645,1
1591,1645,1
1591,1645,1
1591,1645,1
1590,1645,1
1590,1645,1
1589,1645,1
1589,1645,1
1589,1645,1
1588,1645,1
1588,1645,1
1588,1645,1
1587,1645,1
1587,1645,1
1587,1645,1
1586,1645,1
1586,1645,1
1586,1645,1
1585,1645,1
1585,1645,1
1585,1645,1
1584,1645,1
1584,1645,1
1584,1645,1
1583,1645,1
1583,1645,1
1583,1645,1
1582,1645,1
1582,1645,1
1582,1645,1
1581,1645,1
1581,1645,1
1580,1645,1
1580,1645,1
1580,1645,1
1579,1645,1
1579,1645,1
1579,1645,1
1578,1644,1
1578,1644,1
1578,1644,1
1577,1644,1
1577,1644,1
1577,1644,1
1576,1644,1
1576,1644,1
1576,1644,1
1575,1644,1
1575,1644,1
1575,1644,1
1574,1644,1
1574,1644,1
1574,1644,1
1573,1644,1
1573,1644,1
1573,1644,1
1572,1644,1
1572,1644,1
1571,1644,1
1571,1644,1
1571,1644,1
1570,1644,1
1570,1644,1
1570,1644,1
1569,1644,1
1569,1644,1
1569,1644,1
1568,1644,1
1568,1644,1
1568,1644,1
1567,1644,1
1567,1644,1
1567,1644,1
1566,1644,1
1566,1644,1
1566,1644,1
1565,1644,1
1565,1644,1
1565,1644,1
1564,1644,1
1564,1643,1
1563,1643,1
1563,1643,1
1563,1643,1
1562,1643,1
1562,1643,1
1562,1643,1
1561,1643,1
1561,1643,1
1561,1643,1
1560,1643,1
1560,1643,1
1560,1643,1
1559,1643,1
1559,1643,1
1559,1643,1
1558,1643,1
1558,1643,1
1558,1643,1
1557,1643,1
1557,1643,1
1557,1643,1
1556,1642,1
1556,1642,1
1555,1642,1
1555,1642,1
1555,1642,1
1554,1642,1
1554,1642,1
1554,1642,1
1553,1642,1
1553,1642,1
1553,1642,1
1552,1642,1
1552,1642,1
1552,1642,1
1551,1642,1
1551,1642,1
1551,1642,1
1550,1642,1
1550,1642,1
1550,1642,1
1549,1642,1
1549,1642,1
1549,1642,1
1548,1641,1
1548,1641,1
1547,1641,1
1547,1641,1
1547,1641,1
1546,1641,1
1546,1641,1
1546,1641,1
1545,1641,1
1545,1641,1
1545,1641,1
1544,1641,1
1544,1641,1
1544,1641,1
1543,1640,1
1543,1640,1
1543,1640,1
1542,1640,1
1542,1640,1
1542,1640,1
1541,1640,1
1541,1640,1
1541,1640,1
1540,1640,1
1540,1640,1
1540,1640,1
1539,1640,1
1539,1640,1
1539,1639,1
1538,1639,1
1538,1639,1
1537,1639,1
1537,1639,1
1537,1639,1
1536,1639,1
1536,1639,1
1536,1639,1
1535,1639,1
1535,1639,1
1535,1639,1
1534,1639,1
1534,1639,1
1534,1639,1
1533,1638,1
1533,1638,1
1533,1638,1
1532,1638,1
1532,1638,1
1532,1638,1
1531,1638,1
1531,1638,1
1531,1638,1
1530,1638,1
1530,1638,1
1530,1638,1
1529,1637,1
1529,1637,1
1529,1637,1
1528,1637,1
1528,1637,1
1528,1637,1
1527,1637,1
1527,1637,1
1527,1637,1
1526,1637,1
1526,1636,1
1525,1636,1
1525,1636,1
1525,1636,1
1524,1636,1
1524,1636,1
1524,1636,1
1523,1636,1
1523,1636,1
1523,1636,1
1522,1636,1
1522,1635,1
1522,1635,1
1521,1635,1
1521,1635,1
1521,1635,1
1520,1635,1
1520,1635,1
1520,1635,1
1519,1635,1
1519,1635,1
1519,1635,1
1518,1634,1
1518,1634,1
1518,1634,1
1517,1634,1
1517,1634,1
1517,1634,1
1516,1634,1
1516,1634,1
1516,1634,1
1515,1634,1
1515,1634,1
1515,1633,1
1514,1633,1
1514,1633,1
1514,1633,1
1513,1633,1
1513,1633,1
1513,1633,1
1512,1633,1
1512,1632,1
1512,1632,1
1511,1632,1
1511,1632,1
1511,1632,1
1510,1632,1
1510,1632,1
1510,1632,1
1509,1631,1
1509,1631,1
1509,1631,1
1508,1631,1
1508,1631,1
1508,1631,1
1507,1631,1
1507,1631,1
1507,1630,1
1506,1630,1
1506,1630,1
1506,1630,1
1505,1630,1
1505,1630,1
1505,1630,1
1504,1630,1
1504,1630,1
1504,1629,1
1503,1629,1
1503,1629,1
1503,1629,1
1502,1629,1
1502,1629,1
1502,1629,1
1501,1629,1
1501,1628,1
1501,1628,1
1500,1628,1
1500,1628,1
1500,1628,1
1499,1628,1
1499,1628,1
1499,1628,1
1498,1628,1
1498,1627,1
1498,1627,1
1497,1627,1
1497,1627,1
1497,1627,1
1496,1627,1
1496,1626,1
1496,1626,1
1495,1626,1
1495,1626,1
1495,1626,1
1494,1626,1
1494,1626,1
1494,1625,1
1493,1625,1
1493,1625,1
1493,1625,1
1492,1625,1
1492,1625,1
1492,1625,1
1491,1624,1
1491,1624,1
1491,1624,1
1491,1624,1
1490,1624,1
1490,1624,1
1490,1624,1
1489,1623,1
1489,1623,1
1489,1623,1
1488,1623,1
1488,1623,1
1488,1623,1
1487,1622,1
1487,1622,1
1487,1622,1
1486,1622,1
1486,1622,1
1486,1622,1
1485,1622,1
1485,1621,1
1485,1621,1
1484,1621,1
1484,1621,1
1484,1621,1
1483,1621,1
1483,1621,1
1483,1620,1
1482,1620,1
1482,1620,1
1482,1620,1
1481,1620,1
1481,1620,1
1481,1619,1
1481,1619,1
1480,1619,1
1480,1619,1
1480,1619,1
1479,1619,1
1479,1618,1
1479,1618,1
1478,1618,1
1478,1618,1
1478,1618,1
1477,1618,1
1477,1617,1
1477,1617,1
1477,1617,1
1476,1617,1
1476,1617,1
1476,1617,1
1475,1616,1
1475,1616,1
1475,1616,1
1474,1616,1
1474,1616,1
1474,1615,1
1473,1615,1
1473,1615,1
1473,1615,1
1472,1615,1
1472,1615,1
1472,1614,1
1472,1614,1
1471,1614,1
1471,1614,1
1471,1614,1
1470,1614,1
1470,1613,1
1470,1613,1
1469,1613,1
1469,1613,1
1469,1613,1
1468,1613,1
1468,1612,1
1468,1612,1
1468,1612,1
1467,1612,1
1467,1612,1
1467,1612,1
1466,1611,1
1466,1611,1
1466,1611,1
1465,1611,1
1465,1611,1
1465,1610,1
1465,1610,1
1464,1610,1
1464,1610,1
1464,1610,1
1463,1609,1
1463,1609,1
1463,1609,1
1462,1609,1
1462,1609,1
1462,1608,1
1462,1608,1
1461,1608,1
1461,1608,1
1461,1608,1
1460,1607,1
1460,1607,1
1460,1607,1
1460,1607,1
1459,1607,1
1459,1606,1
1459,1606,1
1458,1606,1
1458,1606,1
1458,1606,1
1457,1605,1
1457,1605,1
1457,1605,1
1457,1605,1
1456,1605,1
1456,1604,1
1456,1604,1
1455,1604,1
1455,1604,1
1455,1604,1
1454,1603,1
1454,1603,1
1454,1603,1
1454,1603,1
1453,1603,1
1453,1602,1
1453,1602,1
1452,1602,1
1452,1602,1
1452,1602,1
1452,1601,1
1451,1601,1
1451,1601,1
1451,1601,1
1450,1601,1
1450,1600,1
1450,1600,1
1450,1600,1
1449,1600,1
1449,1599,1
1449,1599,1
1448,1599,1
1448,1599,1
1448,1598,1
1448,1598,1
1447,1598,1
1447,1598,1
1447,1598,1
1447,1597,1
1446,1597,1
1446,1597,1
1446,1597,1
1445,1596,1
1445,1596,1
1445,1596,1
1445,1596,1
1444,1596,1
1444,1595,1
1444,1595,1
1443,1595,1
1443,1595,1
1443,1594,1
1443,1594,1
1442,1594,1
1442,1594,1
1442,1594,1
1442,1593,1
1441,1593,1
1441,1593,1
1441,1593,1
1440,1592,1
1440,1592,1
1440,1592,1
1440,1592,1
1439,1592,1
1439,1591,1
1439,1591,1
1438,1591,1
1438,1591,1
1438,1590,1
1438,1590,1
1437,1590,1
1437,1590,1
1437,1589,1
1437,1589,1
1436,1589,1
1436,1589,1
1436,1588,1
1436,1588,1
1435,1588,1
1435,1588,1
1435,1587,1
1435,1587,1
1434,1587,1
1434,1587,1
1434,1586,1
1433,1586,1
1433,1586,1
1433,1586,1
1433,1585,1
1432,1585,1
1432,1585,1
1432,1585,1
1432,1584,1
1431,1584,1
1431,1584,1
1431,1584,1
1431,1584,1
1430,1583,1
1430,1583,1
1430,1583,1
1430,1583,1
1429,1582,1
1429,1582,1
1429,1582,1
1429,1582,1
1428,1581,1
1428,1581,1
1428,1581,1
1427,1581,1
1427,1580,1
1427,1580,1
1427,1580,1
1426,1580,1
1426,1579,1
1426,1579,1
1426,1579,1
1425,1579,1
1425,1578,1
1425,1578,1
1425,1578,1
1424,1578,1
1424,1577,1
1424,1577,1
1424,1577,1
1423,1576,1
1423,1576,1
1423,1576,1
1423,1576,1
1422,1575,1
1422,1575,1
1422,1575,1
1422,1575,1
1422,1574,1
1421,1574,1
1421,1574,1
1421,1573,1
1421,1573,1
1420,1573,1
1420,1573,1
1420,1572,1
1420,1572,1
1419,1572,1
1419,1572,1
1419,1571,1
1419,1571,1
1418,1571,1
1418,1571,1
1418,1570,1
1418,1570,1
1417,1570,1
1417,1569,1
1417,1569,1
1417,1569,1
1417,1569,1
1416,1568,1
1416,1568,1
1416,1568,1
1416,1568,1
1415,1567,1
1415,1567,1
1415,1567,1
1415,1566,1
1414,1566,1
1414,1566,1
1414,1566,1
1414,1565,1
1413,1565,1
1413,1565,1
1413,1565,1
1413,1564,1
1412,1564,1
1412,1564,1
1412,1563,1
1412,1563,1
1412,1563,1
1411,1563,1
1411,1562,1
1411,1562,1
1411,1562,1
1411,1561,1
1410,1561,1
1410,1561,1
1410,1560,1
1410,1560,1
1409,1560,1
1409,1560,1
1409,1559,1
1409,1559,1
1409,1559,1
1408,1558,1
1408,1558,1
1408,1558,1
1408,1558,1
1408,1557,1
1407,1557,1
1407,1557,1
1407,1556,1
1407,1556,1
1406,1556,1
1406,1556,1
1406,1555,1
1406,1555,1
1406,1555,1
1405,1554,1
1405,1554,1
1405,1554,1
1405,1554,1
1404,1553,1
1404,1553,1
1404,1553,1
1404,1552,1
1404,1552,1
1403,1552,1
1403,1551,1
1403,1551,1
1403,1551,1
1402,1551,1
1402,1550,1
1402,1550,1
1402,1550,1
1402,1549,1
1401,1549,1
1401,1549,1
1401,1548,1
1401,1548,1
1401,1548,1
1401,1548,1
1400,1547,1
1400,1547,1
1400,1547,1
1400,1546,1
1400,1546,1
1399,1546,1
1399,1545,1
1399,1545,1
1399,1545,1
1399,1544,1
1398,1544,1
1398,1544,1
1398,1544,1
1398,1543,1
1398,1543,1
1397,1543,1
1397,1542,1
1397,1542,1
1397,1542,1
1397,1541,1
1396,1541,1
1396,1541,1
1396,1540,1
1396,1540,1
1396,1540,1
1395,1539,1
1395,1539,1
1395,1539,1
1395,1539,1
1395,1538,1
1395,1538,1
1394,1538,1
1394,1537,1
1394,1537,1
1394,1537,1
1394,1536,1
1393,1536,1
1393,1536,1
1393,1535,1
1393,1535,1
1393,1535,1
1392,1535,1
1392,1534,1
1392,1534,1
1392,1534,1
1392,1533,1
1392,1533,1
1391,1533,1
1391,1532,1
1391,1532,1
1391,1532,1
1391,1531,1
1391,1531,1
1390,1531,1
1390,1530,1
1390,1530,1
1390,1530,1
1390,1529,1
1390,1529,1
1389,1529,1
1389,1528,1
1389,1528,1
1389,1528,1
1389,1527,1
1388,1527,1
1388,1527,1
1388,1526,1
1388,1526,1
1388,1526,1
1388,1525,1
1387,1525,1
1387,1525,1
1387,1524,1
1387,1524,1
1387,1524,1
1387,1523,1
1386,1523,1
1386,1523,1
1386,1522,1
1386,1522,1
1386,1522,1
1386,1521,1
1385,1521,1
1385,1521,1
1385,1520,1
1385,1520,1
1385,1520,1
1385,1520,1
1384,1519,1
1384,1519,1
1384,1519,1
1384,1518,1
1384,1518,1
1384,1518,1
1383,1517,1
1383,1517,1
1383,1517,1
1383,1516,1
1383,1516,1
1383,1515,1
1383,1515,1
1382,1515,1
1382,1514,1
1382,1514,1
1382,1514,1
1382,1513,1
1382,1513,1
1382,1513,1
1381,1512,1
1381,1512,1
1381,1512,1
1381,1511,1
1381,1511,1
1381,1511,1
1381,1510,1
1380,1510,1
1380,1510,1
1380,1509,1
1380,1509,1
1380,1509,1
1380,1508,1
1380,1508,1
1379,1508,1
1379,1507,1
1379,1507,1
1379,1507,1
1379,1506,1
1379,1506,1
1378,1506,1
1378,1505,1
1378,1505,1
1378,1505,1
1378,1504,1
1378,1504,1
1378,1504,1
1377,1503,1
1377,1503,1
1377,1503,1
1377,1502,1
1377,1502,1
1377,1502,1
1377,1501,1
1376,1501,1
1376,1500,1
1376,1500,1
1376,1500,1
1376,1499,1
1376,1499,1
1376,1499,1
1376,1498,1
1376,1498,1
1375,1498,1
1375,1497,1
1375,1497,1
1375,1497,1
1375,1496,1
1375,1496,1
1375,1496,1
1375,1495,1
1374,1495,1
1374,1494,1
1374,1494,1
1374,1494,1
1374,1493,1
1374,1493,1
1374,1493,1
1374,1492,1
1373,1492,1
1373,1492,1
1373,1491,1
1373,1491,1
1373,1491,1
1373,1490,1
1373,1490,1
1373,1490,1
1372,1489,1
1372,1489,1
1372,1488,1
1372,1488,1
1372,1488,1
1372,1487,1
1372,1487,1
1372,1487,1
1372,1486,1
1371,1486,1
1371,1486,1
1371,1485,1
1371,1485,1
1371,1485,1
1371,1484,1
1371,1484,1
1371,1484,1
1370,1483,1
1370,1483,1
1370,1483,1
1370,1482,1
1370,1482,1
1370,1481,1
1370,1481,1
1370,1481,1
1370,1480,1
1370,1480,1
1369,1480,1
1369,1479,1
1369,1479,1
1369,1479,1
1369,1478,1
1369,1478,1
1369,1477,1
1369,1477,1
1369,1477,1
1369,1476,1
1369,1476,1
1368,1476,1
1368,1475,1
1368,1475,1
1368,1475,1
1368,1474,1
1368,1474,1
1368,1473,1
1368,1473,1
1368,1473,1
1368,1472,1
1367,1472,1
1367,1472,1
1367,1471,1
1367,1471,1
1367,1471,1
1367,1470,1
1367,1470,1
1367,1469,1
1367,1469,1
1367,1469,1
1366,1468,1
1366,1468,1
1366,1468,1
1366,1467,1
1366,1467,1
1366,1467,1
1366,1466,1
1366,1466,1
1366,1466,1
1366,1465,1
1366,1465,1
1365,1464,1
1365,1464,1
1365,1464,1
1365,1463,1
1365,1463,1
1365,1463,1
1365,1462,1
1365,1462,1
1365,1461,1
1365,1461,1
1365,1461,1
1365,1460,1
1365,1460,1
1365,1460,1
1364,1459,1
1364,1459,1
1364,1459,1
1364,1458,1
1364,1458,1
1364,1457,1
1364,1457,1
1364,1457,1
1364,1456,1
1364,1456,1
1364,1456,1
1364,1455,1
1364,1455,1
1364,1455,1
1363,1454,1
1363,1454,1
1363,1453,1
1363,1453,1
1363,1453,1
1363,1452,1
1363,1452,1
1363,1452,1
1363,1451,1
1363,1451,1
1363,1450,1
1363,1450,1
1363,1450,1
1362,1449,1
1362,1449,1
1362,1449,1
1362,1448,1
1362,1448,1
1362,1448,1
1362,1447,1
1362,1447,1
1362,1446,1
1362,1446,1
1362,1446,1
1362,1445,1
1362,1445,1
1362,1445,1
1362,1444,1
1362,1444,1
1362,1443,1
1361,1443,1
1361,1443,1
1361,1442,1
1361,1442,1
1361,1442,1
1361,1441,1
1361,1441,1
1361,1441,1
1361,1440,1
1361,1440,1
1361,1439,1
1361,1439,1
1361,1439,1
1361,1438,1
1361,1438,1
1361,1438,1
1361,1437,1
1361,1437,1
1361,1436,1
1361,1436,1
1361,1436,1
1360,1435,1
1360,1435,1
1360,1435,1
1360,1434,1
1360,1434,1
1360,1433,1
1360,1433,1
1360,1433,1
1360,1432,1
1360,1432,1
1360,1432,1
1360,1431,1
1360,1431,1
1360,1431,1
1360,1430,1
1360,1430,1
1360,1429,1
1360,1429,1
1360,1429,1
1359,1428,1
1359,1428,1
1359,1428,1
1359,1427,1
1359,1427,1
1359,1426,1
1359,1426,1
1359,1426,1
1359,1425,1
1359,1425,1
1359,1425,1
1359,1424,1
1359,1424,1
1359,1423,1
1359,1423,1
1359,1423,1
1359,1422,1
1359,1422,1
1359,1422,1
1359,1421,1
1359,1421,1
1359,1421,1
1359,1420,1
1359,1420,1
1359,1419,1
1359,1419,1
1359,1419,1
1359,1418,1
1359,1418,1
1359,1418,1
1359,1417,1
1359,1417,1
1359,1416,1
1359,1416,1
1359,1416,1
1359,1415,1
1359,1415,1
1359,1415,1
1358,1414,1
1358,1414,1
1358,1414,1
1358,1413,1
1358,1413,1
1358,1412,1
1358,1412,1
1358,1412,1
1358,1411,1
1358,1411,1
1358,1411,1
1358,1410,1
1358,1410,1
1358,1409,1
1358,1409,1
1358,1409,1
1358,1408,1
1358,1408,1
1358,1408,1
1358,1407,1
1358,1407,1
1358,1406,1
1358,1406,1
1358,1406,1
1358,1405,1
1358,1405,1
1358,1405,1
1358,1404,1
1358,1404,1
1358,1404,1
1358,1403,1
1358,1403,1
1358,1402,1
1358,1402,1
1358,1402,1
1358,1401,1
1358,1401,1
1358,1401,1
1358,1400,1
1358,1400,1
1358,1399,1
1358,1399,1
1358,1399,1
1358,1398,1
1358,1398,1
1358,1398,1
1358,1397,1
1358,1397,1
1358,1397,1
1358,1396,1
1358,1396,1
1358,1395,1
1358,1395,1
1358,1395,1
1358,1394,1
1358,1394,1
1358,1394,1
1358,1393,1
1358,1393,1
1358,1393,1
1358,1392,1
1358,1392,1
1358,1391,1
1358,1391,1
1358,1391,1
1358,1390,1
1358,1390,1
1358,1390,1
1358,1389,1
1358,1389,1
1358,1389,1
1358,1388,1
1358,1388,1
1358,1387,1
1358,1387,1
1358,1387,1
1358,1386,1
1358,1386,1
1358,1386,1
1358,1385,1
1358,1385,1
1358,1385,1
1358,1384,1
1358,1384,1
1358,1383,1
1358,1383,1
1358,1383,1
1358,1382,1
1358,1382,1
1358,1382,1
1358,1381,1
1358,1381,1
1358,1381,1
1358,1380,1
1358,1380,1
1359,1379,1
1359,1379,1
1359,1379,1
1359,1378,1
1359,1378,1
1359,1378,1
1359,1377,1
1359,1377,1
1359,1377,1
1359,1376,1
1359,1376,1
1359,1375,1
1359,1375,1
1359,1375,1
1359,1374,1
1359,1374,1
1359,1374,1
1359,1373,1
1359,1373,1
1359,1373,1
1359,1372,1
1359,1372,1
1359,1372,1
1359,1371,1
1359,1371,1
1359,1370,1
1359,1370,1
1359,1370,1
1359,1369,1
1359,1369,1
1359,1369,1
1359,1368,1
1359,1368,1
1359,1368,1
1359,1367,1
1359,1367,1
1360,1367,1
1360,1366,1
1360,1366,1
1360,1365,1
1360,1365,1
1360,1365,1
1360,1364,1
1360,1364,1
1360,1364,1
1360,1363,1
1360,1363,1
1360,1363,1
1360,1362,1
1360,1362,1
1360,1362,1
1360,1361,1
1360,1361,1
1360,1361,1
1360,1360,1
1360,1360,1
1360,1359,1
1360,1359,1
1360,1359,1
1360,1358,1
1360,1358,1
1360,1358,1
1360,1357,1
1360,1357,1
1360,1357,1
1361,1356,1
1361,1356,1
1361,1356,1
1361,1355,1
1361,1355,1
1361,1355,1
1361,1354,1
1361,1354,1
1361,1354,1
1361,1353,1
1361,1353,1
1361,1353,1
1361,1352,1
1361,1352,1
1361,1351,1
1361,1351,1
1361,1351,1
1362,1350,1
1362,1350,1
1362,1350,1
1362,1349,1
1362,1349,1
1362,1349,1
1362,1348,1
1362,1348,1
1362,1348,1
1362,1347,1
1362,1347,1
1362,1347,1
1362,1346,1
1362,1346,1
1362,1346,1
1362,1345,1
1362,1345,1
1362,1345,1
1363,1344,1
1363,1344,1
1363,1344,1
1363,1343,1
1363,1343,1
1363,1343,1
1363,1342,1
1363,1342,1
1363,1342,1
1363,1341,1
1363,1341,1
1363,1341,1
1363,1340,1
1363,1340,1
1363,1339,1
1363,1339,1
1363,1339,1
1363,1338,1
1364,1338,1
1364,1338,1
1364,1337,1
1364,1337,1
1364,1337,1
1364,1336,1
1364,1336,1
1364,1336,1
1364,1336,1
1364,1335,1
1364,1335,1
1364,1335,1
1364,1334,1
1365,1334,1
1365,1334,1
1365,1333,1
1365,1333,1
1365,1333,1
1365,1332,1
1365,1332,1
1365,1332,1
1365,1331,1
1365,1331,1
1365,1331,1
1365,1330,1
1365,1330,1
1366,1330,1
1366,1329,1
1366,1329,1
1366,1329,1
1366,1328,1
1366,1328,1
1366,1328,1
1366,1327,1
1366,1327,1
1366,1327,1
1366,1326,1
1366,1326,1
1366,1326,1
1367,1325,1
1367,1325,1
1367,1325,1
1367,1324,1
1367,1324,1
1367,1324,1
1367,1323,1
1367,1323,1
1367,1323,1
1367,1322,1
1367,1322,1
1367,1322,1
1367,1321,1
1368,1321,1
1368,1321,1
1368,1320,1
1368,1320,1
1368,1320,1
1368,1320,1
1368,1319,1
1368,1319,1
1368,1319,1
1368,1318,1
1369,1318,1
1369,1318,1
1369,1317,1
1369,1317,1
1369,1317,1
1369,1316,1
1369,1316,1
1369,1316,1
1369,1315,1
1369,1315,1
1370,1315,1
1370,1315,1
1370,1314,1
1370,1314,1
1370,1314,1
1370,1313,1
1370,1313,1
1370,1313,1
1370,1312,1
1370,1312,1
1370,1312,1
1371,1311,1
1371,1311,1
1371,1311,1
1371,1310,1
1371,1310,1
1371,1310,1
1371,1310,1
1371,1309,1
1371,1309,1
1371,1309,1
1371,1308,1
1372,1308,1
1372,1308,1
1372,1307,1
1372,1307,1
1372,1307,1
1372,1306,1
1372,1306,1
1372,1306,1
1372,1306,1
1373,1305,1
1373,1305,1
1373,1305,1
1373,1304,1
1373,1304,1
1373,1304,1
1373,1304,1
1373,1303,1
1373,1303,1
1374,1303,1
1374,1302,1
1374,1302,1
1374,1302,1
1374,1301,1
1374,1301,1
1374,1301,1
1374,1301,1
1374,1300,1
1375,1300,1
1375,1300,1
1375,1299,1
1375,1299,1
1375,1299,1
1375,1299,1
1375,1298,1
1375,1298,1
1375,1298,1
1376,1297,1
1376,1297,1
1376,1297,1
1376,1297,1
1376,1296,1
1376,1296,1
1376,1296,1
1376,1295,1
1376,1295,1
1377,1295,1
1377,1294,1
1377,1294,1
1377,1294,1
1377,1294,1
1377,1293,1
1377,1293,1
1377,1293,1
1377,1292,1
1378,1292,1
1378,1292,1
1378,1292,1
1378,1291,1
1378,1291,1
1378,1291,1
1378,1291,1
1379,1290,1
1379,1290,1
1379,1290,1
1379,1289,1
1379,1289,1
1379,1289,1
1379,1289,1
1379,1288,1
1380,1288,1
1380,1288,1
1380,1288,1
1380,1287,1
1380,1287,1
1380,1287,1
1380,1286,1
1381,1286,1
1381,1286,1
1381,1286,1
1381,1285,1
1381,1285,1
1381,1285,1
1381,1285,1
1381,1284,1
1382,1284,1
1382,1284,1
1382,1284,1
1382,1283,1
1382,1283,1
1382,1283,1
1382,1282,1
1382,1282,1
1383,1282,1
1383,1282,1
1383,1281,1
1383,1281,1
1383,1281,1
1383,1281,1
1383,1280,1
1384,1280,1
1384,1280,1
1384,1280,1
1384,1279,1
1384,1279,1
