217.0 213.0 1
228.0 207.0 1
230.0 200.0 1
230.0 193.0 1
230.0 186.0 1
223.0 185.0 1
218.0 185.0 1
187.0 185.0 1
185.0 179.0 1
186.0 176.0 1
230.0 176.0 1
230.0 162.0 1
175.0 162.0 1
170.0 163.0 1
167.0 168.0 1
165.0 174.0 1
165.0 180.0 1
166.0 185.0 1
172.0 192.0 1
176.0 194.0 1
218.0 194.0 1
218.0 199.0 1
216.0 201.0 1
210.0 203.0 1
169.0 203.0 1
169.0 211.0 1
173.0 213.0 1
238.0 163.0 0
239.0 211.0 1
251.0 211.0 1
250.0 190.0 1
262.0 208.0 1
277.0 209.0 1
258.0 182.0 1
239.0 163.0 0
248.0 163.0 1
250.0 175.0 1
260.0 162.0 1
291.0 163.0 1
292.0 174.0 1
310.0 175.0 1
329.0 175.0 1
329.0 163.0 1
341.0 164.0 1
340.0 194.0 1
337.0 205.0 1
330.0 210.0 1
324.0 211.0 1
309.0 211.0 1
287.0 211.0 1
279.0 201.0 1
320.0 202.0 1
323.0 201.0 1
326.0 195.0 1
327.0 192.0 1
285.0 192.0 1
282.0 179.0 1
281.0 175.0 1
260.0 187.0 1
353.0 164.0 0
353.0 211.0 1
366.0 213.0 1
366.0 184.0 1
396.0 212.0 1
404.0 214.0 1
408.0 210.0 1
408.0 198.0 1
408.0 164.0 1
395.0 164.0 1
396.0 192.0 1
372.0 168.0 1
367.0 163.0 1
354.0 162.0 1
354.0 170.0 1
418.0 163.0 0
414.0 162.0 0
415.0 164.0 0
416.0 211.0 1
421.0 216.0 1
426.0 220.0 1
462.0 221.0 1
462.0 204.0 1
435.0 205.0 1
432.0 201.0 1
431.0 197.0 1
431.0 194.0 1
461.0 194.0 1
462.0 180.0 1
433.0 180.0 1
431.0 180.0 1
430.0 172.0 1
461.0 172.0 1
461.0 162.0 1
414.0 162.0 1
468.0 163.0 0
468.0 177.0 1
468.0 163.0 1
521.0 163.0 1
522.0 176.0 1
502.0 176.0 1
503.0 218.0 1
490.0 216.0 1
489.0 175.0 1
472.0 175.0 1
469.0 174.0 1
172.0 145.0 0
168.0 152.0 0
338.0 152.0 1
353.0 152.0 0
507.0 152.0 1
172.0 142.0 0
331.0 142.0 1
353.0 140.0 0
353.0 143.0 0
491.0 143.0 1
187.0 132.0 0
333.0 132.0 1
352.0 130.0 0
474.0 130.0 1
334.0 96.0 0
347.0 95.0 1
324.0 89.0 0
354.0 88.0 1
315.0 82.0 0
357.0 82.0 1
307.0 75.0 0
361.0 75.0 1
326.0 122.0 0
197.0 122.0 1
352.0 121.0 0
459.0 122.0 1
327.0 114.0 0
353.0 110.0 0
454.0 113.0 1
317.0 113.0 0
214.0 112.0 1
317.0 120.0 0
317.0 120.0 1
209.0 121.0 1
318.0 104.0 0
239.0 101.0 1
305.0 94.0 0
256.0 91.0 1
300.0 85.0 0
274.0 84.0 1
365.0 100.0 0
431.0 100.0 1
370.0 90.0 0
422.0 91.0 1
375.0 80.0 0
