1580,1504,1500
1586,1497,1500
1591,1491,1500
1596,1484,1500
1601,1479,1500
1605,1473,1500
1609,1468,1500
1612,1468,1500
1600,1468,1500
1587,1468,1500
1575,1468,1500
1562,1468,1500
1549,1468,1500
1535,1468,1500
1522,1468,1500
1509,1468,1500
1503,1468,1500
1498,1468,1500
1492,1468,1500
1486,1341,1500
1481,1340,1500
1475,1338,1500
1469,1337,1500
1464,1337,1500
1479,1359,1500
1494,1380,1500
1508,1402,1500
1521,1422,1500
1534,1443,1500
1546,1463,1500
1557,1483,1500
1567,1502,1000
1571,1511,1000
1575,1519,1000
1579,1527,1000
1583,1535,1000
1586,1543,1000
1589,1551,1000
1593,1559,1000
1596,1567,1500
1599,1585,1500
1601,1602,1500
1602,1620,1500
1603,1638,1500
1603,1655,1500
1602,1673,1500
1600,1691,1500
1598,1710,1500
1605,1716,1500
1613,1723,1500
1621,1730,1500
1629,1737,1500
1636,1744,1500
1644,1751,1500
1651,1758,1500
1659,1765,1500
1665,1758,1500
1670,1752,1500
1675,1745,1500
1681,1739,1500
1686,1733,1500
1691,1727,1500
1696,1721,1500
1700,1716,1500
1689,1698,1500
1678,1680,1500
1666,1661,1500
1654,1643,1500
1641,1625,1500
1627,1607,1500
1614,1589,1500
1599,1571,1000
1596,1570,1000
1593,1570,1000
1589,1570,1000
1586,1570,1000
1583,1569,1000
1579,1569,1000
1576,1569,1000
1573,1569,1500
1572,1583,1500
1571,1597,1500
1570,1611,1500
1568,1625,1500
1566,1640,1500
1563,1654,1500
1559,1669,1500
1555,1684,1500
1547,1685,1500
1539,1686,1500
1532,1687,1500
1524,1689,1500
1516,1690,1500
1508,1692,1500
1500,1693,1500
1492,1695,1500
1488,1685,1500
1484,1674,1500
1481,1664,1500
1477,1653,1500
1473,1643,1500
1468,1633,1500
1464,1622,1500
1459,1612,1500
1474,1606,1500
1488,1600,1500
1502,1594,1500
1516,1589,1500
1529,1584,1500
1543,1580,1500
1556,1576,1500
1569,1572,1000
1575,1569,1000
1581,1566,1000
1586,1563,1000
1592,1561,1000
1598,1558,1000
1603,1556,1000
1609,1553,1000
1614,1551,1500
1620,1546,1500
1626,1541,1500
1632,1536,1500
1637,1531,1500
1642,1527,1500
1647,1523,1500
1652,1519,1500
1656,1515,1500
1667,1521,1500
1678,1527,1500
1689,1527,1500
1701,1527,1500
1712,1527,1500
1724,1527,1500
1736,1527,1500
1748,1527,1500
1753,1527,1500
1757,1527,1500
1762,1527,1500
1766,1527,1500
1770,1527,1500
1774,1610,1500
1777,1617,1500
1780,1623,1500
1759,1613,1500
1739,1604,1500
1719,1595,1500
1700,1587,1500
1680,1580,1500
1661,1573,1500
1642,1568,1500
1624,1563,1000
1615,1559,1000
1606,1555,1000
1597,1551,1000
1589,1547,1000
1580,1543,1000
1571,1539,1000
1563,1536,1000
1554,1532,1500
1542,1537,1500
1530,1541,1500
1517,1546,1500
1504,1552,1500
1491,1558,1500
1478,1564,1500
1464,1571,1500
1450,1578,1500
1443,1573,1500
1436,1567,1500
1429,1561,1500
1422,1555,1500
1415,1550,1500
1408,1544,1500
1401,1539,1500
1394,1533,1500
1396,1527,1500
1399,1522,1500
1401,1516,1500
1403,1510,1500
1405,1505,1500
1408,1499,1500
1409,1494,1500
1411,1488,1500
1429,1492,1500
1446,1496,1500
1463,1501,1500
1480,1506,1500
1497,1511,1500
1514,1518,1500
1532,1524,1500
1549,1531,1000
1561,1539,1000
1574,1547,1000
1587,1556,1000
1599,1564,1000
1612,1573,1000
1625,1582,1000
1637,1591,1000
1650,1600,1500
1666,1605,1500
1682,1611,1500
1699,1618,1500
1715,1625,1500
1732,1632,1500
1749,1640,1500
1767,1648,1500
1784,1656,1500
1796,1670,1500
1807,1683,1500
1817,1696,1500
1828,1709,1500
1838,1722,1500
1848,1735,1500
1857,1748,1500
1867,1761,1500
1858,1758,1500
1849,1756,1500
1840,1754,1500
1831,1752,1500
1822,1751,1500
1813,1749,1500
1804,1748,1500
1796,1747,1500
1778,1728,1500
1760,1710,1500
1742,1692,1500
1723,1674,1500
1704,1656,1500
1685,1638,1500
1666,1620,1500
1646,1602,1000
1635,1592,1000
1624,1582,1000
1613,1572,1000
1602,1562,1000
1591,1552,1000
1579,1542,1000
1568,1532,1000
1557,1522,1500
1540,1513,1500
1523,1503,1500
1506,1494,1500
1489,1485,1500
1473,1477,1500
1456,1469,1500
1439,1461,1500
1423,1454,1500
1419,1442,1500
1414,1430,1500
1409,1418,1500
1404,1406,1500
1399,1394,1500
1393,1382,1500
1388,1370,1500
1382,1358,1500
1390,1359,1500
1398,1360,1500
1406,1362,1500
1414,1364,1500
1422,1366,1500
1430,1368,1500
1438,1370,1500
1446,1372,1500
1460,1390,1500
1474,1408,1500
1488,1426,1500
1501,1444,1500
1514,1462,1500
1527,1479,1500
1539,1497,1500
