1603,1937,2000
1604,1938,2000
1605,1939,2000
1605,1941,2000
1606,1942,2000
1606,1944,2000
1607,1945,2000
1607,1947,2000
1608,1948,2000
1608,1950,2000
1609,1952,2000
1610,1953,2000
1610,1955,2000
1611,1956,2000
1611,1958,2000
1612,1959,2000
1612,1961,2000
1613,1963,2000
1613,1964,2000
1614,1966,2000
1615,1967,2000
1615,1969,2000
1616,1971,2000
1616,1972,2000
1617,1974,2000
1617,1976,2000
1618,1978,2000
1618,1979,2000
1619,1981,2000
1619,1983,2000
1620,1985,2000
1620,1986,2000
1621,1988,2000
1621,1990,2000
1622,1992,2000
1623,1994,2000
1623,1996,2000
1624,1997,2000
1624,1999,2000
1625,2001,2000
1625,2003,2000
1626,2005,2000
1626,2007,2000
1627,2009,2000
1627,2011,2000
1628,2014,2000
1628,2016,2000
1629,2018,2000
1629,2020,2000
1630,2022,2000
1631,2017,2000
1632,2011,2000
1633,2006,2000
1634,2002,2000
1635,1997,2000
1636,1993,2000
1637,1989,2000
1638,1984,2000
1639,1981,2000
1641,1977,2000
1642,1973,2000
1643,1969,2000
1644,1966,2000
1645,1962,2000
1646,1959,2000
1647,1956,2000
1648,1952,2000
1649,1949,2000
1650,1946,2000
1651,1943,2000
1652,1940,2000
1653,1937,2000
1654,1934,2000
1655,1931,2000
1656,1929,2000
1657,1926,2000
1657,1923,2000
1658,1920,2000
1659,1918,2000
1660,1915,2000
1661,1912,2000
1662,1910,2000
1663,1907,2000
1664,1905,2000
1665,1902,2000
1666,1900,2000
1667,1897,2000
1667,1895,2000
1668,1893,2000
1669,1890,2000
1670,1888,2000
1671,1886,2000
1672,1883,2000
1673,1881,2000
1674,1879,2000
1674,1877,2000
1675,1874,2000
1676,1872,2000
1677,1870,2000
1678,1868,2000
1679,1870,2000
1680,1872,2000
1681,1873,2000
1682,1875,2000
1683,1877,2000
1684,1879,2000
1685,1881,2000
1686,1883,2000
1687,1885,2000
1688,1887,2000
1689,1888,2000
1690,1890,2000
1691,1892,2000
1692,1894,2000
1693,1896,2000
1694,1898,2000
1695,1900,2000
1696,1902,2000
1697,1904,2000
1698,1906,2000
1699,1908,2000
1700,1910,2000
1701,1912,2000
1702,1914,2000
1703,1916,2000
1703,1918,2000
1704,1920,2000
1705,1922,2000
1706,1924,2000
1707,1926,2000
1708,1928,2000
1709,1930,2000
1710,1932,2000
1711,1934,2000
1712,1936,2000
1713,1938,2000
1714,1941,2000
1715,1943,2000
1715,1945,2000
1716,1947,2000
1717,1949,2000
1718,1951,2000
1719,1953,2000
1720,1956,2000
1721,1958,2000
1722,1960,2000
1722,1962,2000
1723,1965,2000
1724,1967,2000
1725,1969,2000
1722,1964,2000
1719,1960,2000
1716,1955,2000
1712,1950,2000
1709,1946,2000
1706,1941,2000
1703,1937,2000
1699,1932,2000
1696,1928,2000
1693,1924,2000
1690,1919,2000
1686,1915,2000
1683,1911,2000
1679,1907,2000
1676,1902,2000
1673,1898,2000
1669,1894,2000
1666,1890,2000
1662,1886,2000
1659,1882,2000
1655,1878,2000
1652,1875,2000
1648,1871,2000
1644,1867,2000
1641,1863,2000
1637,1859,2000
1634,1856,2000
1630,1852,2000
1626,1848,2000
1622,1845,2000
1619,1841,2000
1615,1837,2000
1611,1834,2000
1607,1830,2000
1604,1827,2000
1600,1823,2000
1596,1820,2000
1592,1817,2000
1588,1813,2000
1584,1810,2000
1581,1807,2000
1577,1803,2000
1573,1800,2000
1569,1797,2000
1565,1794,2000
1561,1791,2000
1557,1787,2000
1553,1784,2000
1549,1781,2000
1545,1778,1000
1545,1778,1000
1545,1778,1000
1545,1778,1000
1545,1778,1000
1545,1778,1000
1545,1778,1000
1545,1778,1000
1545,1778,1000
1545,1777,1000
1545,1777,1000
1545,1777,1000
1545,1777,1000
1546,1777,1000
1546,1777,1000
1546,1777,1000
1546,1777,1000
1546,1777,1000
1546,1777,1000
1546,1777,1000
1546,1777,1000
1546,1777,1000
1546,1777,1000
1546,1776,1000
1546,1776,1000
1546,1776,1000
1547,1776,1000
1547,1776,1000
1547,1776,1000
1547,1776,1000
1547,1776,1000
1547,1776,1000
1547,1776,1000
1547,1776,1000
1547,1776,1000
1547,1776,1000
1547,1775,1000
1547,1775,1000
1547,1775,1000
1548,1775,1000
1548,1775,1000
1548,1775,1000
1548,1775,1000
1548,1775,1000
1548,1775,1000
1548,1775,1000
1548,1775,1000
1548,1775,1000
1548,1775,1000
1548,1775,1000
1548,1774,2000
1550,1773,2000
1551,1772,2000
1552,1771,2000
1553,1770,2000
1554,1769,2000
1556,1768,2000
1557,1767,2000
1558,1766,2000
1559,1765,2000
1560,1763,2000
1562,1762,2000
1563,1761,2000
1564,1760,2000
1565,1759,2000
1566,1758,2000
1567,1757,2000
1569,1756,2000
1570,1755,2000
1571,1754,2000
1572,1753,2000
1573,1752,2000
1574,1751,2000
1576,1750,2000
1577,1749,2000
1578,1748,2000
1579,1747,2000
1580,1746,2000
1581,1745,2000
1582,1744,2000
1584,1743,2000
1585,1743,2000
1586,1742,2000
1587,1741,2000
1588,1740,2000
1589,1739,2000
1590,1738,2000
1591,1737,2000
1593,1736,2000
1594,1735,2000
1595,1734,2000
1596,1734,2000
1597,1733,2000
1598,1732,2000
1599,1731,2000
1600,1730,2000
1601,1729,2000
1603,1728,2000
1604,1728,2000
1605,1727,2000
1606,1726,2000
1604,1726,2000
1602,1725,2000
1601,1725,2000
1599,1725,2000
1597,1724,2000
1595,1724,2000
1593,1724,2000
1592,1723,2000
1590,1723,2000
1588,1723,2000
1586,1723,2000
1584,1722,2000
1583,1722,2000
1581,1722,2000
1579,1722,2000
1577,1721,2000
1575,1721,2000
1574,1721,2000
1572,1721,2000
1570,1720,2000
1568,1720,2000
1566,1720,2000
1565,1720,2000
1563,1720,2000
1561,1719,2000
1559,1719,2000
1557,1719,2000
1556,1719,2000
1554,1719,2000
1552,1719,2000
1550,1718,2000
1548,1718,2000
1546,1718,2000
1545,1718,2000
1543,1718,2000
1541,1718,2000
1539,1718,2000
1537,1717,2000
1535,1717,2000
1534,1717,2000
1532,1717,2000
1530,1717,2000
1528,1717,2000
1526,1717,2000
1524,1717,2000
1522,1717,2000
1521,1717,2000
1519,1716,2000
1517,1716,2000
1515,1716,2000
1516,1716,2000
1517,1716,2000
1518,1716,2000
1519,1716,2000
1520,1717,2000
1521,1717,2000
1522,1717,2000
1523,1717,2000
1524,1717,2000
1525,1717,2000
1526,1717,2000
1528,1717,2000
1529,1717,2000
1530,1717,2000
1531,1717,2000
1532,1717,2000
1533,1717,2000
1534,1717,2000
1535,1717,2000
1536,1717,2000
1537,1717,2000
1538,1717,2000
1539,1718,2000
1540,1718,2000
1541,1718,2000
1542,1718,2000
1543,1718,2000
1544,1718,2000
1545,1718,2000
1546,1718,2000
1547,1718,2000
1548,1718,2000
1549,1718,2000
1550,1718,2000
1551,1718,2000
1552,1719,2000
1553,1719,2000
1554,1719,2000
1555,1719,2000
1556,1719,2000
1557,1719,2000
1559,1719,2000
1560,1719,2000
1561,1719,2000
1562,1720,2000
1563,1720,2000
1564,1720,2000
1565,1720,2000
1566,1720,2000
1567,1720,2000
1567,1719,2000
1566,1718,2000
1566,1716,2000
1566,1715,2000
1566,1714,2000
1566,1713,2000
1566,1712,2000
1566,1711,2000
1566,1709,2000
1566,1708,2000
1565,1707,2000
1565,1706,2000
1565,1705,2000
1565,1704,2000
1565,1702,2000
1565,1701,2000
1565,1700,2000
1565,1699,2000
1564,1698,2000
1564,1697,2000
1564,1695,2000
1564,1694,2000
1564,1693,2000
1564,1692,2000
1564,1691,2000
1563,1690,2000
1563,1688,2000
1563,1687,2000
1563,1686,2000
1563,1685,2000
1563,1684,2000
1563,1683,2000
1562,1682,2000
1562,1680,2000
1562,1679,2000
1562,1678,2000
1562,1677,2000
1562,1676,2000
1561,1675,2000
1561,1674,2000
1561,1672,2000
1561,1671,2000
1561,1670,2000
1561,1669,2000
1560,1668,2000
1560,1667,2000
1560,1666,2000
1560,1665,2000
1560,1664,2000
