1742,1807,2000
1763,1795,2000
1783,1785,2000
1804,1775,2000
1824,1767,2000
1844,1760,2000
1864,1754,2000
1884,1749,2000
1904,1745,2000
1924,1742,2000
1893,1727,2000
1861,1714,2000
1830,1702,2000
1799,1691,2000
1769,1681,2000
1738,1672,2000
1708,1665,2000
1678,1659,2000
1648,1654,2000
1618,1650,1000
1619,1650,1000
1621,1649,1000
1622,1649,1000
1624,1648,1000
1625,1648,1000
1627,1647,1000
1628,1647,1000
1630,1646,1000
1631,1646,1000
1633,1645,1000
1648,1636,1000
1663,1626,1000
1678,1618,1000
1693,1610,1000
1707,1603,1000
1721,1596,1000
1735,1590,1000
1749,1585,1000
1763,1580,1000
