1722,2002,2000
1751,1971,2000
1779,1949,2000
1807,1931,2000
1834,1916,2000
1861,1904,2000
1888,1894,2000
1914,1887,2000
1941,1880,2000
1967,1876,2000
1933,1856,2000
1898,1838,2000
1863,1821,2000
1829,1805,2000
1794,1791,2000
1759,1778,2000
1723,1767,2000
1688,1757,2000
1652,1750,2000
1616,1744,1000
1617,1743,1000
1618,1742,1000
1619,1742,1000
1620,1741,1000
1622,1740,1000
1623,1739,1000
1624,1739,1000
1625,1738,1000
1626,1737,1000
1627,1736,2000
1645,1724,2000
1664,1714,2000
1682,1704,2000
1700,1695,2000
1717,1688,2000
1735,1681,2000
1752,1674,2000
1769,1669,2000
1786,1664,2000
