1905,1575,2000
1919,1578,2000
1934,1581,2000
1948,1586,2000
1963,1591,2000
1978,1597,2000
1994,1604,2000
2010,1613,2000
2026,1622,2000
2043,1633,1000
1992,1599,1000
1944,1566,1000
1899,1533,1000
1857,1501,1000
1817,1470,1000
1779,1440,1000
1743,1412,1000
1710,1385,1000
1677,1360,1000
1646,1336,1000
1649,1335,1000
1651,1333,1000
1653,1332,1000
1655,1332,1000
1656,1331,1000
1657,1331,1000
1658,1332,1000
1658,1333,1000
1658,1334,1000
1657,1336,2000
1639,1317,2000
1622,1299,2000
1605,1282,2000
1588,1265,2000
1572,1250,2000
1557,1236,2000
1541,1223,2000
1526,1211,2000
1512,1199,2000
