1685,1782,2000
1717,1762,2000
1747,1745,2000
1777,1731,2000
1806,1720,2000
1835,1710,2000
1864,1703,2000
1893,1698,2000
1922,1694,2000
1952,1693,1000
1907,1672,1000
1863,1653,1000
1820,1637,1000
1779,1623,1000
1738,1611,1000
1698,1602,1000
1658,1595,1000
1618,1590,1000
1578,1588,1000
1538,1589,2000
1563,1573,2000
1587,1558,2000
1610,1545,2000
1632,1533,2000
1654,1523,2000
1676,1515,2000
1696,1507,2000
1717,1502,2000
1737,1497,2000
1757,1495,1000
1713,1471,1000
1670,1451,1000
1629,1433,1000
1588,1418,1000
1548,1406,1000
1508,1396,1000
1469,1389,1000
1429,1385,1000
1389,1384,1000
1348,1385,2000
1348,1385,2000
1347,1385,2000
1347,1384,2000
1347,1384,2000
1346,1384,2000
1346,1384,2000
1346,1383,2000
1345,1383,2000
1345,1383,2000
1345,1383,2000
1362,1364,2000
1377,1346,2000
1392,1329,2000
1406,1313,2000
1418,1298,2000
1430,1283,2000
1440,1268,2000
1450,1255,2000
1459,1242,2000
