1550,1514,2000
1553,1517,2000
1556,1520,2000
1560,1524,2000
1563,1527,2000
1566,1530,2000
1569,1534,2000
1572,1537,2000
1575,1540,2000
1578,1544,2000
1582,1547,2000
1585,1550,2000
1588,1554,2000
1591,1557,2000
1594,1560,2000
1597,1564,2000
1600,1567,2000
1603,1571,2000
1606,1574,2000
1609,1577,2000
1612,1581,2000
1615,1584,2000
1618,1588,2000
1621,1591,2000
1624,1595,2000
1627,1598,2000
1630,1602,2000
1633,1605,2000
1636,1609,2000
1639,1612,2000
1642,1616,2000
1644,1619,2000
1647,1623,2000
1650,1626,2000
1653,1630,2000
1656,1633,2000
1659,1637,2000
1661,1640,2000
1664,1644,2000
1667,1647,2000
1670,1651,2000
1672,1654,2000
1675,1658,2000
1678,1662,2000
1680,1665,2000
1683,1669,2000
1686,1672,2000
1688,1676,2000
1691,1680,2000
1693,1683,2000
1693,1680,2000
1693,1676,2000
1693,1673,2000
1693,1669,2000
1693,1666,2000
1693,1662,2000
1692,1659,2000
1692,1655,2000
1692,1652,2000
1692,1648,2000
1691,1645,2000
1691,1641,2000
1691,1638,2000
1690,1634,2000
1690,1631,2000
1689,1627,2000
1689,1624,2000
1689,1621,2000
1688,1617,2000
1688,1614,2000
1687,1610,2000
1687,1607,2000
1686,1604,2000
1685,1600,2000
1685,1597,2000
1684,1593,2000
1684,1590,2000
1683,1587,2000
1682,1583,2000
1682,1580,2000
1681,1577,2000
1680,1573,2000
1679,1570,2000
1678,1566,2000
1678,1563,2000
1677,1560,2000
1676,1556,2000
1675,1553,2000
1674,1550,2000
1673,1546,2000
1672,1543,2000
1671,1540,2000
1670,1536,2000
1669,1533,2000
1668,1530,2000
1667,1526,2000
1666,1523,2000
1665,1520,2000
1664,1516,2000
1663,1513,2000
1665,1515,2000
1667,1517,2000
1670,1519,2000
1672,1521,2000
1674,1523,2000
1677,1525,2000
1679,1527,2000
1681,1529,2000
1683,1532,2000
1686,1534,2000
1688,1536,2000
1690,1538,2000
1693,1540,2000
1695,1542,2000
1697,1544,2000
1699,1546,2000
1702,1548,2000
1704,1550,2000
1706,1552,2000
1708,1555,2000
1711,1557,2000
1713,1559,2000
1715,1561,2000
1717,1563,2000
1720,1565,2000
1722,1567,2000
1724,1569,2000
1726,1571,2000
1729,1574,2000
1731,1576,2000
1733,1578,2000
1735,1580,2000
1738,1582,2000
1740,1584,2000
1742,1586,2000
1744,1588,2000
1746,1591,2000
1749,1593,2000
1751,1595,2000
1753,1597,2000
1755,1599,2000
1757,1601,2000
1759,1603,2000
1762,1606,2000
1764,1608,2000
1766,1610,2000
1768,1612,2000
1770,1614,2000
1772,1616,2000
1775,1619,2000
1768,1614,2000
1762,1609,2000
1756,1604,2000
1749,1599,2000
1743,1594,2000
1737,1589,2000
1730,1584,2000
1724,1579,2000
1718,1574,2000
1711,1569,2000
1705,1565,2000
1698,1560,2000
1692,1555,2000
1686,1550,2000
1679,1546,2000
1673,1541,2000
1667,1537,2000
1660,1532,2000
1654,1527,2000
1647,1523,2000
1641,1519,2000
1635,1514,2000
1628,1510,2000
1622,1505,2000
1615,1501,2000
1609,1497,2000
1603,1493,2000
1596,1488,2000
1590,1484,2000
1583,1480,2000
1577,1476,2000
1571,1472,2000
1564,1468,2000
1558,1464,2000
1551,1460,2000
1545,1456,2000
1539,1453,2000
1532,1449,2000
1526,1445,2000
1519,1441,2000
1513,1438,2000
1507,1434,2000
1500,1431,2000
1494,1427,2000
1487,1424,2000
1481,1420,2000
1475,1417,2000
1468,1413,2000
1462,1410,2000
1455,1407,1000
1455,1407,1000
1455,1407,1000
1455,1407,1000
1455,1406,1000
1455,1406,1000
1455,1406,1000
1456,1406,1000
1456,1406,1000
1456,1406,1000
1456,1405,1000
1456,1405,1000
1456,1405,1000
1456,1405,1000
1456,1405,1000
1456,1405,1000
1456,1405,1000
1456,1404,1000
1456,1404,1000
1456,1404,1000
1456,1404,1000
1456,1404,1000
1456,1404,1000
1456,1403,1000
1456,1403,1000
1456,1403,1000
1456,1403,1000
1456,1403,1000
1456,1403,1000
1456,1403,1000
1456,1402,1000
1456,1402,1000
1456,1402,1000
1456,1402,1000
1456,1402,1000
1456,1402,1000
1456,1402,1000
1456,1401,1000
1456,1401,1000
1456,1401,1000
1456,1401,1000
1456,1401,1000
1456,1401,1000
1456,1400,1000
1456,1400,1000
1456,1400,1000
1456,1400,1000
1456,1400,1000
1456,1400,1000
1456,1400,1000
1456,1399,2000
1457,1399,2000
1459,1398,2000
1460,1397,2000
1461,1396,2000
1463,1395,2000
1464,1394,2000
1465,1393,2000
1466,1392,2000
1468,1392,2000
1469,1391,2000
1470,1390,2000
1471,1389,2000
1473,1388,2000
1474,1387,2000
1475,1387,2000
1476,1386,2000
1477,1385,2000
1479,1384,2000
1480,1383,2000
1481,1383,2000
1482,1382,2000
1484,1381,2000
1485,1380,2000
1486,1380,2000
1487,1379,2000
1488,1378,2000
1490,1377,2000
1491,1376,2000
1492,1376,2000
1493,1375,2000
1494,1374,2000
1495,1373,2000
1497,1373,2000
1498,1372,2000
1499,1371,2000
1500,1371,2000
1501,1370,2000
1502,1369,2000
1503,1368,2000
1505,1368,2000
1506,1367,2000
1507,1366,2000
1508,1366,2000
1509,1365,2000
1510,1364,2000
1511,1364,2000
1513,1363,2000
1514,1362,2000
1515,1362,2000
1516,1361,2000
1515,1361,2000
1514,1362,2000
1513,1362,2000
1512,1363,2000
1511,1363,2000
1510,1364,2000
1509,1364,2000
1509,1365,2000
1508,1365,2000
1507,1365,2000
1506,1366,2000
1505,1366,2000
1504,1367,2000
1503,1367,2000
1502,1368,2000
1501,1368,2000
1500,1369,2000
1499,1369,2000
1498,1370,2000
1497,1370,2000
1496,1371,2000
1495,1371,2000
1494,1372,2000
1493,1372,2000
1493,1373,2000
1492,1373,2000
1491,1374,2000
1490,1374,2000
1489,1375,2000
1488,1375,2000
1487,1376,2000
1486,1376,2000
1485,1377,2000
1484,1377,2000
1483,1378,2000
1482,1378,2000
1481,1379,2000
1480,1379,2000
1479,1380,2000
1478,1381,2000
1477,1381,2000
1476,1382,2000
1475,1382,2000
1474,1383,2000
1473,1383,2000
1472,1384,2000
1471,1384,2000
1470,1385,2000
1469,1386,2000
1468,1386,2000
1467,1385,2000
1465,1384,2000
1463,1383,2000
1462,1381,2000
1460,1380,2000
1459,1379,2000
1457,1378,2000
1456,1377,2000
1454,1376,2000
1453,1374,2000
1451,1373,2000
1450,1372,2000
1448,1371,2000
1446,1370,2000
1445,1369,2000
1443,1368,2000
1442,1366,2000
1440,1365,2000
1439,1364,2000
1437,1363,2000
1436,1362,2000
1434,1361,2000
1432,1360,2000
1431,1359,2000
1429,1357,2000
1428,1356,2000
1426,1355,2000
1425,1354,2000
1423,1353,2000
1422,1352,2000
1420,1351,2000
1418,1350,2000
1417,1349,2000
1415,1347,2000
1414,1346,2000
1412,1345,2000
1411,1344,2000
1409,1343,2000
1408,1342,2000
1406,1341,2000
1404,1340,2000
1403,1339,2000
1401,1338,2000
1400,1337,2000
1398,1336,2000
1397,1334,2000
1395,1333,2000
1393,1332,2000
1392,1331,2000
1390,1330,2000
1392,1331,2000
1393,1332,2000
1395,1333,2000
1396,1334,2000
1397,1335,2000
1399,1336,2000
1400,1337,2000
1402,1338,2000
1403,1339,2000
1405,1340,2000
1406,1341,2000
1407,1342,2000
1409,1343,2000
1410,1344,2000
1412,1345,2000
1413,1346,2000
1415,1347,2000
1416,1348,2000
1417,1348,2000
1419,1349,2000
1420,1350,2000
1422,1351,2000
1423,1352,2000
1424,1353,2000
1426,1354,2000
1427,1355,2000
1429,1356,2000
1430,1357,2000
1432,1358,2000
1433,1359,2000
1434,1360,2000
1436,1361,2000
1437,1362,2000
1439,1363,2000
1440,1364,2000
1442,1365,2000
1443,1367,2000
1444,1368,2000
1446,1369,2000
1447,1370,2000
1449,1371,2000
1450,1372,2000
1451,1373,2000
1453,1374,2000
1454,1375,2000
1456,1376,2000
1457,1377,2000
1458,1378,2000
1460,1379,2000
1461,1380,2000
1461,1378,2000
1461,1377,2000
1460,1375,2000
1460,1373,2000
1459,1372,2000
1459,1370,2000
1459,1368,2000
1458,1367,2000
1458,1365,2000
1457,1363,2000
1457,1362,2000
1456,1360,2000
1456,1358,2000
1456,1356,2000
1455,1355,2000
1455,1353,2000
1454,1351,2000
1454,1350,2000
1453,1348,2000
1453,1346,2000
1452,1345,2000
1452,1343,2000
1451,1341,2000
1451,1340,2000
1450,1338,2000
1450,1336,2000
1449,1335,2000
1449,1333,2000
1448,1331,2000
1448,1330,2000
1447,1328,2000
1447,1326,2000
1446,1325,2000
1446,1323,2000
1445,1321,2000
1445,1319,2000
1444,1318,2000
1443,1316,2000
1443,1314,2000
1442,1313,2000
1442,1311,2000
1441,1309,2000
1441,1308,2000
1440,1306,2000
1439,1304,2000
1439,1303,2000
1438,1301,2000
1438,1299,2000
1437,1297,2000
