377.0 96.0 1
361.0 137.0 1
376.0 140.0 1
373.0 146.0 1
357.0 145.0 1
349.0 144.0 1
341.0 140.0 1
333.0 138.0 1
325.0 136.0 1
317.0 133.0 1
310.0 129.0 1
304.0 125.0 1
299.0 120.0 1
296.0 114.0 1
291.0 107.0 1
289.0 101.0 1
293.0 99.0 1
298.0 108.0 1
303.0 114.0 1
305.0 115.0 1
319.0 81.0 1
298.0 119.0 0
284.0 122.0 1
276.0 127.0 1
270.0 144.0 1
270.0 153.0 1
270.0 162.0 1
272.0 170.0 1
284.0 178.0 1
294.0 183.0 1
286.0 188.0 1
281.0 192.0 1
275.0 199.0 1
270.0 204.0 1
265.0 213.0 1
264.0 220.0 1
264.0 232.0 1
265.0 245.0 1
274.0 257.0 1
287.0 267.0 1
409.0 272.0 1
420.0 263.0 1
422.0 251.0 1
422.0 239.0 1
422.0 225.0 1
419.0 213.0 1
410.0 203.0 1
399.0 195.0 1
385.0 189.0 1
357.0 182.0 1
361.0 170.0 1
365.0 162.0 1
366.0 153.0 1
365.0 145.0 1
294.0 163.0 0
297.0 169.0 1
312.0 174.0 1
321.0 175.0 1
328.0 175.0 1
333.0 175.0 1
337.0 171.0 1
340.0 167.0 1
340.0 164.0 1
305.0 146.0 0
305.0 145.0 1
305.0 145.0 1
305.0 145.0 1
305.0 145.0 1
305.0 145.0 1
305.0 145.0 1
305.0 145.0 1
305.0 145.0 1
305.0 145.0 1
305.0 145.0 1
305.0 145.0 1
305.0 145.0 1
305.0 145.0 1
305.0 145.0 1
305.0 145.0 1
305.0 145.0 1
305.0 145.0 1
305.0 145.0 1
305.0 145.0 1
305.0 145.0 1
305.0 145.0 1
305.0 145.0 1
305.0 145.0 1
305.0 145.0 1
305.0 145.0 1
307.0 148.0 1
307.0 147.0 1
307.0 146.0 1
306.0 145.0 1
304.0 145.0 1
304.0 145.0 1
304.0 146.0 1
304.0 148.0 1
308.0 150.0 1
308.0 150.0 1
327.0 148.0 0
327.0 148.0 1
327.0 148.0 1
327.0 148.0 1
327.0 148.0 1
327.0 148.0 1
328.0 149.0 1
328.0 149.0 1
328.0 149.0 1
329.0 149.0 1
329.0 149.0 1
329.0 149.0 1
329.0 149.0 1
329.0 149.0 1
330.0 150.0 1
328.0 210.0 0
328.0 205.0 1
324.0 203.0 1
329.0 202.0 1
328.0 209.0 1
324.0 205.0 0
324.0 208.0 1
324.0 208.0 1
323.0 210.0 1
324.0 211.0 1
325.0 212.0 1
325.0 212.0 1
326.0 212.0 1
327.0 215.0 1
328.0 215.0 1
329.0 214.0 1
329.0 213.0 1
331.0 211.0 1
331.0 210.0 1
331.0 209.0 1
331.0 208.0 1
331.0 207.0 1
330.0 207.0 1
330.0 206.0 1
330.0 206.0 1
327.0 208.0 0
330.0 235.0 0
330.0 235.0 1
330.0 236.0 1
330.0 237.0 1
330.0 237.0 1
333.0 237.0 1
326.0 233.0 1
323.0 233.0 1
325.0 235.0 0
330.0 233.0 1
326.0 241.0 1
326.0 238.0 1
324.0 239.0 1
323.0 240.0 1
330.0 242.0 0
328.0 242.0 1
332.0 243.0 1
332.0 240.0 1
331.0 238.0 1
328.0 239.0 1
393.0 191.0 0
417.0 164.0 1
410.0 151.0 1
412.0 159.0 1
417.0 164.0 1
426.0 164.0 1
435.0 157.0 1
269.0 206.0 0
235.0 184.0 1
235.0 167.0 1
232.0 186.0 0
224.0 191.0 1
214.0 185.0 1
235.0 165.0 0
226.0 162.0 1
234.0 215.0 0
228.0 216.0 1
226.0 219.0 1
226.0 223.0 1
226.0 226.0 1
228.0 229.0 1
233.0 231.0 1
237.0 231.0 1
240.0 230.0 1
243.0 229.0 1
243.0 226.0 1
245.0 222.0 1
245.0 219.0 1
242.0 216.0 1
239.0 216.0 1
235.0 215.0 1
219.0 136.0 0
219.0 141.0 1
223.0 142.0 1
229.0 142.0 1
230.0 137.0 1
231.0 132.0 1
228.0 127.0 1
222.0 126.0 1
218.0 134.0 1
267.0 91.0 0
266.0 96.0 1
270.0 100.0 1
279.0 96.0 1
279.0 91.0 1
279.0 86.0 1
274.0 84.0 1
270.0 84.0 1
266.0 87.0 1
266.0 90.0 1
296.0 77.0 0
294.0 81.0 1
294.0 85.0 1
297.0 86.0 1
300.0 86.0 1
303.0 86.0 1
305.0 82.0 1
305.0 78.0 1
304.0 75.0 1
296.0 75.0 1
395.0 84.0 0
393.0 88.0 1
394.0 95.0 1
401.0 97.0 1
404.0 96.0 1
407.0 95.0 1
408.0 92.0 1
409.0 86.0 1
406.0 83.0 1
401.0 82.0 1
396.0 83.0 1
401.0 133.0 0
400.0 136.0 1
405.0 139.0 1
412.0 139.0 1
413.0 135.0 1
413.0 133.0 1
410.0 129.0 1
405.0 128.0 1
402.0 130.0 1
401.0 133.0 1
399.0 137.0 1
